293868
word	neg	pos	rateNeg	ratePos
要	2728	2730	0.19162686147794325	0.19176735037932002
明确	13	12	9.13177858949143E-4	8.429334082607474E-4
欣喜若狂	0	2	0.0	1.4048890137679124E-4
不屑	1	0	7.024445068839562E-5	0.0
欢喜	0	5	0.0	3.5122225344197806E-4
不尽	13	8	9.13177858949143E-4	5.61955605507165E-4
麻木	1	0	7.024445068839562E-5	0.0
晦涩	3	0	2.1073335206518685E-4	0.0
不礼貌	1	0	7.024445068839562E-5	0.0
爱理不理	13	4	9.13177858949143E-4	2.809778027535825E-4
气派	8	86	5.61955605507165E-4	0.006041022759202023
眼花缭乱	2	1	1.4048890137679124E-4	7.024445068839562E-5
粗劣	1	2	7.024445068839562E-5	1.4048890137679124E-4
暧昧	1	0	7.024445068839562E-5	0.0
迫不及待	1	3	7.024445068839562E-5	2.1073335206518685E-4
神秘	0	2	0.0	1.4048890137679124E-4
狂妄	1	0	7.024445068839562E-5	0.0
欣喜	0	4	0.0	2.809778027535825E-4
情愿	21	5	0.001475133464456308	3.5122225344197806E-4
不对	18	19	0.001264400112391121	0.0013346445630795167
褒	1	5	7.024445068839562E-5	3.5122225344197806E-4
令人作呕	3	0	2.1073335206518685E-4	0.0
惊慌	0	2	0.0	1.4048890137679124E-4
嘀咕	1	1	7.024445068839562E-5	7.024445068839562E-5
奖励	2	6	1.4048890137679124E-4	4.214667041303737E-4
冷若冰霜	2	0	1.4048890137679124E-4	0.0
不容	27	38	0.0018966001685866817	0.0026692891261590333
不够格	0	1	0.0	7.024445068839562E-5
喜悦	0	2	0.0	1.4048890137679124E-4
坚定不移	0	1	0.0	7.024445068839562E-5
无特色	1	0	7.024445068839562E-5	0.0
金碧辉煌	0	4	0.0	2.809778027535825E-4
活跃	1	0	7.024445068839562E-5	0.0
顺利	16	42	0.00112391121101433	0.002950266928912616
不宜	0	1	0.0	7.024445068839562E-5
纯一	1	0	7.024445068839562E-5	0.0
兴隆	0	1	0.0	7.024445068839562E-5
羞涩	1	0	7.024445068839562E-5	0.0
惊愕	1	0	7.024445068839562E-5	0.0
不宁	1	0	7.024445068839562E-5	0.0
耐人寻味	0	2	0.0	1.4048890137679124E-4
本质	1	0	7.024445068839562E-5	0.0
发飙	2	0	1.4048890137679124E-4	0.0
不对劲	1	0	7.024445068839562E-5	0.0
好使	8	6	5.61955605507165E-4	4.214667041303737E-4
稀松	2	0	1.4048890137679124E-4	0.0
紧紧	1	0	7.024445068839562E-5	0.0
不起眼	3	5	2.1073335206518685E-4	3.5122225344197806E-4
冷冷	4	6	2.809778027535825E-4	4.214667041303737E-4
省事	3	3	2.1073335206518685E-4	2.1073335206518685E-4
拥挤	6	25	4.214667041303737E-4	0.0017561112672098904
关键	13	28	9.13177858949143E-4	0.001966844619275077
令人毛骨悚然	1	0	7.024445068839562E-5	0.0
强悍	1	0	7.024445068839562E-5	0.0
凌乱	2	4	1.4048890137679124E-4	2.809778027535825E-4
大好	3	11	2.1073335206518685E-4	7.726889575723518E-4
不甘心	1	1	7.024445068839562E-5	7.024445068839562E-5
惨不忍睹	8	6	5.61955605507165E-4	4.214667041303737E-4
冰冷	10	4	7.024445068839561E-4	2.809778027535825E-4
原封不动	2	0	1.4048890137679124E-4	0.0
惊恐	1	0	7.024445068839562E-5	0.0
蠢	3	0	2.1073335206518685E-4	0.0
风雅	0	2	0.0	1.4048890137679124E-4
规范	15	20	0.0010536667603259344	0.0014048890137679123
行	776	1577	0.054509693734195	0.11077549873559989
衍	6	6	4.214667041303737E-4	4.214667041303737E-4
安静	68	387	0.004776622646810902	0.027184602416409104
匪夷所思	5	0	3.5122225344197806E-4	0.0
陶醉	0	2	0.0	1.4048890137679124E-4
尽心尽力	0	2	0.0	1.4048890137679124E-4
弹性	3	3	2.1073335206518685E-4	2.1073335206518685E-4
开朗	0	3	0.0	2.1073335206518685E-4
正义	1	0	7.024445068839562E-5	0.0
兴奋	0	8	0.0	5.61955605507165E-4
认	220	216	0.015453779151447036	0.015172801348693454
过问	5	0	3.5122225344197806E-4	0.0
恋爱	0	2	0.0	1.4048890137679124E-4
土气	0	2	0.0	1.4048890137679124E-4
讨	16	14	0.00112391121101433	9.834223096375386E-4
讶	6	10	4.214667041303737E-4	7.024445068839561E-4
善意	2	2	1.4048890137679124E-4	1.4048890137679124E-4
讲	95	132	0.006673222815397584	0.009272267490868222
讽	5	1	3.5122225344197806E-4	7.024445068839562E-5
快乐	4	7	2.809778027535825E-4	4.917111548187693E-4
许	91	176	0.006392245012644001	0.012363023321157629
讹	7	0	4.917111548187693E-4	0.0
自明	1	0	7.024445068839562E-5	0.0
提心吊胆	3	0	2.1073335206518685E-4	0.0
是的	7	8	4.917111548187693E-4	5.61955605507165E-4
诡	1	0	7.024445068839562E-5	0.0
诧	6	2	4.214667041303737E-4	1.4048890137679124E-4
详	17	14	0.0011941556617027255	9.834223096375386E-4
一定	128	251	0.00899128968811464	0.0176313571227873
庆祝	1	0	7.024445068839562E-5	0.0
误	94	56	0.006602978364709188	0.003933689238550154
绿色	10	30	7.024445068839561E-4	0.0021073335206518687
说	2484	2335	0.1744872155099747	0.16402079235740377
无聊	5	5	3.5122225344197806E-4	3.5122225344197806E-4
诚	169	127	0.01187131216633886	0.008921045237426243
诞	1	12	7.024445068839562E-5	8.429334082607474E-4
典型	19	9	0.0013346445630795167	6.322000561955605E-4
义务	10	0	7.024445068839561E-4	0.0
致敬	0	1	0.0	7.024445068839562E-5
硬实	1	0	7.024445068839562E-5	0.0
奢华	4	7	2.809778027535825E-4	4.917111548187693E-4
锦绣	0	3	0.0	2.1073335206518685E-4
特惠	3	12	2.1073335206518685E-4	8.429334082607474E-4
警	52	21	0.003652711435796572	0.001475133464456308
岂有此理	11	2	7.726889575723518E-4	1.4048890137679124E-4
确定	16	7	0.00112391121101433	4.917111548187693E-4
不妥	2	4	1.4048890137679124E-4	2.809778027535825E-4
平等	2	1	1.4048890137679124E-4	7.024445068839562E-5
茫茫	0	3	0.0	2.1073335206518685E-4
不光明	1	0	7.024445068839562E-5	0.0
置疑	0	1	0.0	7.024445068839562E-5
合适	14	81	9.834223096375386E-4	0.005689800505760045
最差	161	17	0.011309356560831695	0.0011941556617027255
寒酸	0	1	0.0	7.024445068839562E-5
确实	65	258	0.004565889294745715	0.01812306827760607
无能	7	0	4.917111548187693E-4	0.0
随和	0	2	0.0	1.4048890137679124E-4
安顿	1	6	7.024445068839562E-5	4.214667041303737E-4
当心	1	8	7.024445068839562E-5	5.61955605507165E-4
不发达	0	1	0.0	7.024445068839562E-5
抱歉	30	25	0.0021073335206518687	0.0017561112672098904
崭新	0	4	0.0	2.809778027535825E-4
说不过去	3	5	2.1073335206518685E-4	3.5122225344197806E-4
扎眼	0	1	0.0	7.024445068839562E-5
反面	0	1	0.0	7.024445068839562E-5
誉	28	10	0.001966844619275077	7.024445068839561E-4
难以	51	19	0.0035824669851081763	0.0013346445630795167
恶毒	0	1	0.0	7.024445068839562E-5
利索	1	1	7.024445068839562E-5	7.024445068839562E-5
明摆着	4	0	2.809778027535825E-4	0.0
实际	88	71	0.0061815116605788145	0.004987355998876089
颠倒	0	1	0.0	7.024445068839562E-5
大而无当	0	3	0.0	2.1073335206518685E-4
道谢	1	1	7.024445068839562E-5	7.024445068839562E-5
上好	5	14	3.5122225344197806E-4	9.834223096375386E-4
不能容忍	7	1	4.917111548187693E-4	7.024445068839562E-5
后进	2	3	1.4048890137679124E-4	2.1073335206518685E-4
雅观	1	1	7.024445068839562E-5	7.024445068839562E-5
窝囊	2	0	1.4048890137679124E-4	0.0
夸奖	2	3	1.4048890137679124E-4	2.1073335206518685E-4
独到	0	4	0.0	2.809778027535825E-4
有意思	9	23	6.322000561955605E-4	0.0016156223658330992
跌眼镜	8	0	5.61955605507165E-4	0.0
齐全	13	160	9.13177858949143E-4	0.011239112110143298
幸福	0	4	0.0	2.809778027535825E-4
一不小心	3	1	2.1073335206518685E-4	7.024445068839562E-5
不透明	4	0	2.809778027535825E-4	0.0
迷人	0	3	0.0	2.1073335206518685E-4
高雅	1	3	7.024445068839562E-5	2.1073335206518685E-4
惰性	0	1	0.0	7.024445068839562E-5
舒服	126	584	0.008850800786737847	0.04102275920202304
冒险	1	1	7.024445068839562E-5	7.024445068839562E-5
最坏	1	2	7.024445068839562E-5	1.4048890137679124E-4
晃悠悠	2	0	1.4048890137679124E-4	0.0
狂喜	0	2	0.0	1.4048890137679124E-4
操心	1	2	7.024445068839562E-5	1.4048890137679124E-4
彬彬	0	19	0.0	0.0013346445630795167
不愿意	18	6	0.001264400112391121	4.214667041303737E-4
想念	0	1	0.0	7.024445068839562E-5
别有情趣	0	4	0.0	2.809778027535825E-4
流行	2	1	1.4048890137679124E-4	7.024445068839562E-5
疯狂	6	1	4.214667041303737E-4	7.024445068839562E-5
隆重	0	2	0.0	1.4048890137679124E-4
零落	1	0	7.024445068839562E-5	0.0
趣	10	22	7.024445068839561E-4	0.0015453779151447036
主动	57	192	0.00400393368923855	0.013486934532171958
慕名	2	2	1.4048890137679124E-4	1.4048890137679124E-4
浩荡	1	0	7.024445068839562E-5	0.0
赏	8	53	5.61955605507165E-4	0.0037229558864849675
简短	0	2	0.0	1.4048890137679124E-4
惬意	0	49	0.0	0.003441978083731385
赖	12	9	8.429334082607474E-4	6.322000561955605E-4
赞	16	169	0.00112391121101433	0.01187131216633886
赘	0	3	0.0	2.1073335206518685E-4
赤	4	10	2.809778027535825E-4	7.024445068839561E-4
赫	3	2	2.1073335206518685E-4	1.4048890137679124E-4
名贵	0	5	0.0	3.5122225344197806E-4
黑心	5	0	3.5122225344197806E-4	0.0
实属不易	0	1	0.0	7.024445068839562E-5
一无所有	1	0	7.024445068839562E-5	0.0
弱智	1	0	7.024445068839562E-5	0.0
负	60	41	0.004214667041303737	0.00288002247822422
贞	0	1	0.0	7.024445068839562E-5
责	99	43	0.006954200618151166	0.0030205113796010117
一心一意	0	1	0.0	7.024445068839562E-5
有钱	3	0	2.1073335206518685E-4	0.0
系统	43	37	0.0030205113796010117	0.0025990446754706378
贪	7	0	4.917111548187693E-4	0.0
贫	1	0	7.024445068839562E-5	0.0
惭愧	0	2	0.0	1.4048890137679124E-4
贱	1	2	7.024445068839562E-5	1.4048890137679124E-4
贵	289	714	0.020300646248946334	0.05015453779151447
费	847	1399	0.059497049733071086	0.09827198651306547
贺	0	6	0.0	4.214667041303737E-4
贼	9	7	6.322000561955605E-4	4.917111548187693E-4
教训	6	1	4.214667041303737E-4	7.024445068839562E-5
坚毅	1	0	7.024445068839562E-5	0.0
引领	1	0	7.024445068839562E-5	0.0
欣赏	2	33	1.4048890137679124E-4	0.0023180668727170554
宏伟	1	3	7.024445068839562E-5	2.1073335206518685E-4
不伦不类	2	1	1.4048890137679124E-4	7.024445068839562E-5
清澈	1	6	7.024445068839562E-5	4.214667041303737E-4
管用	9	2	6.322000561955605E-4	1.4048890137679124E-4
松垮垮	4	0	2.809778027535825E-4	0.0
烦躁	0	1	0.0	7.024445068839562E-5
体面	0	6	0.0	4.214667041303737E-4
豁	0	4	0.0	2.809778027535825E-4
乐于	1	3	7.024445068839562E-5	2.1073335206518685E-4
严厉	3	0	2.1073335206518685E-4	0.0
迟钝	3	2	2.1073335206518685E-4	1.4048890137679124E-4
令人生气	1	1	7.024445068839562E-5	7.024445068839562E-5
兼顾	0	4	0.0	2.809778027535825E-4
头号	1	0	7.024445068839562E-5	0.0
敞亮	0	6	0.0	4.214667041303737E-4
举足轻重	1	0	7.024445068839562E-5	0.0
艰难	1	0	7.024445068839562E-5	0.0
豪	195	559	0.013697667884237145	0.03926664793481315
郁郁葱葱	0	1	0.0	7.024445068839562E-5
谐	2	8	1.4048890137679124E-4	5.61955605507165E-4
好过	4	2	2.809778027535825E-4	1.4048890137679124E-4
有门	22	8	0.0015453779151447036	5.61955605507165E-4
小巧玲珑	0	2	0.0	1.4048890137679124E-4
重大	2	1	1.4048890137679124E-4	7.024445068839562E-5
谅	20	22	0.0014048890137679123	0.0015453779151447036
谎	7	2	4.917111548187693E-4	1.4048890137679124E-4
谴	2	0	1.4048890137679124E-4	0.0
谢	229	719	0.016085979207642598	0.050505760044956445
价格不菲	0	3	0.0	2.1073335206518685E-4
谦	0	4	0.0	2.809778027535825E-4
谨	3	6	2.1073335206518685E-4	4.214667041303737E-4
不好意思	11	18	7.726889575723518E-4	0.001264400112391121
谬	2	0	1.4048890137679124E-4	0.0
欠周到	0	1	0.0	7.024445068839562E-5
迷	27	29	0.0018966001685866817	0.0020370890699634727
迎	73	174	0.00512784490025288	0.012222534419780837
大骂	2	0	1.4048890137679124E-4	0.0
过	1653	2729	0.11611407698791795	0.19169710592863165
刺耳	5	0	3.5122225344197806E-4	0.0
通透	0	4	0.0	2.809778027535825E-4
最好	60	351	0.004214667041303737	0.02465580219162686
竭诚	3	4	2.1073335206518685E-4	2.809778027535825E-4
名誉	1	0	7.024445068839562E-5	0.0
辣	3	17	2.1073335206518685E-4	0.0011941556617027255
不灵敏	0	1	0.0	7.024445068839562E-5
达	211	266	0.014821579095251475	0.018685023883113234
蹩脚	1	2	7.024445068839562E-5	1.4048890137679124E-4
满口	6	0	4.214667041303737E-4	0.0
明白	44	29	0.0030907558302894073	0.0020370890699634727
恼火	9	3	6.322000561955605E-4	2.1073335206518685E-4
德行	3	0	2.1073335206518685E-4	0.0
辛	6	8	4.214667041303737E-4	5.61955605507165E-4
破旧	28	9	0.001966844619275077	6.322000561955605E-4
二话没说	1	1	7.024445068839562E-5	7.024445068839562E-5
叹为观止	2	0	1.4048890137679124E-4	0.0
不善	2	0	1.4048890137679124E-4	0.0
残缺	1	0	7.024445068839562E-5	0.0
面无表情	10	2	7.024445068839561E-4	1.4048890137679124E-4
宜人	0	4	0.0	2.809778027535825E-4
严加	0	1	0.0	7.024445068839562E-5
软	44	187	0.0030907558302894073	0.01313571227872998
像样	5	4	3.5122225344197806E-4	2.809778027535825E-4
轻	35	44	0.0024585557740938466	0.0030907558302894073
宁静	4	10	2.809778027535825E-4	7.024445068839561E-4
味道不好	3	1	2.1073335206518685E-4	7.024445068839562E-5
落市	0	1	0.0	7.024445068839562E-5
注重	9	6	6.322000561955605E-4	4.214667041303737E-4
赞同	2	2	1.4048890137679124E-4	1.4048890137679124E-4
暗暗	3	5	2.1073335206518685E-4	3.5122225344197806E-4
愧对	2	3	1.4048890137679124E-4	2.1073335206518685E-4
奢侈	1	8	7.024445068839562E-5	5.61955605507165E-4
名义上	1	0	7.024445068839562E-5	0.0
高傲	0	1	0.0	7.024445068839562E-5
安全	74	112	0.0051980893509412755	0.007867378477100308
机动	2	2	1.4048890137679124E-4	1.4048890137679124E-4
轻而易举	3	0	2.1073335206518685E-4	0.0
显然	10	15	7.024445068839561E-4	0.0010536667603259344
不友好	4	1	2.809778027535825E-4	7.024445068839562E-5
恭恭敬敬	0	1	0.0	7.024445068839562E-5
梦想	2	0	1.4048890137679124E-4	0.0
清淡	2	10	1.4048890137679124E-4	7.024445068839561E-4
破口大骂	2	0	1.4048890137679124E-4	0.0
典雅	0	14	0.0	9.834223096375386E-4
洁净	4	15	2.809778027535825E-4	0.0010536667603259344
众目睽睽	1	0	7.024445068839562E-5	0.0
完全	119	88	0.008359089631919078	0.0061815116605788145
硬性	0	1	0.0	7.024445068839562E-5
积极	14	26	9.834223096375386E-4	0.001826355717898286
光鲜	4	0	2.809778027535825E-4	0.0
繁复	0	1	0.0	7.024445068839562E-5
认了	11	6	7.726889575723518E-4	4.214667041303737E-4
躁	1	2	7.024445068839562E-5	1.4048890137679124E-4
高兴	12	33	8.429334082607474E-4	0.0023180668727170554
随便	35	26	0.0024585557740938466	0.001826355717898286
令人费解	2	0	1.4048890137679124E-4	0.0
安分	1	0	7.024445068839562E-5	0.0
热诚	3	3	2.1073335206518685E-4	2.1073335206518685E-4
不和	6	6	4.214667041303737E-4	4.214667041303737E-4
和风细雨	0	2	0.0	1.4048890137679124E-4
祝福	0	10	0.0	7.024445068839561E-4
晕头转向	3	0	2.1073335206518685E-4	0.0
通融	2	0	1.4048890137679124E-4	0.0
慎重	18	3	0.001264400112391121	2.1073335206518685E-4
明码	3	1	2.1073335206518685E-4	7.024445068839562E-5
通过	166	199	0.011660578814273672	0.013978645686990728
良好	8	44	5.61955605507165E-4	0.0030907558302894073
通达	0	1	0.0	7.024445068839562E-5
不变	4	11	2.809778027535825E-4	7.726889575723518E-4
胡乱	4	0	2.809778027535825E-4	0.0
臭气熏天	2	2	1.4048890137679124E-4	1.4048890137679124E-4
脏	345	134	0.024234335487496487	0.009412756392245012
脆	11	9	7.726889575723518E-4	6.322000561955605E-4
置之不理	5	0	3.5122225344197806E-4	0.0
感兴趣	2	0	1.4048890137679124E-4	0.0
名义	4	3	2.809778027535825E-4	2.1073335206518685E-4
惊奇	3	2	2.1073335206518685E-4	1.4048890137679124E-4
强大	1	0	7.024445068839562E-5	0.0
歧视	4	5	2.809778027535825E-4	3.5122225344197806E-4
腻	3	13	2.1073335206518685E-4	9.13177858949143E-4
良性	0	2	0.0	1.4048890137679124E-4
安逸	0	6	0.0	4.214667041303737E-4
腴	0	6	0.0	4.214667041303737E-4
不厌	1	5	7.024445068839562E-5	3.5122225344197806E-4
吵吵闹闹	0	4	0.0	2.809778027535825E-4
腥	1	0	7.024445068839562E-5	0.0
宝贵	74	89	0.0051980893509412755	0.00625175611126721
衷心	13	33	9.13177858949143E-4	0.0023180668727170554
不周	4	1	2.809778027535825E-4	7.024445068839562E-5
担心	17	28	0.0011941556617027255	0.001966844619275077
斥责	2	0	1.4048890137679124E-4	0.0
官僚	1	3	7.024445068839562E-5	2.1073335206518685E-4
膻	0	4	0.0	2.809778027535825E-4
最高级	7	0	4.917111548187693E-4	0.0
真切	0	3	0.0	2.1073335206518685E-4
包涵	1	0	7.024445068839562E-5	0.0
妥贴	0	2	0.0	1.4048890137679124E-4
星级	432	576	0.030345602697386908	0.040460803596515875
低标准	1	0	7.024445068839562E-5	0.0
臊	1	0	7.024445068839562E-5	0.0
干燥	3	7	2.1073335206518685E-4	4.917111548187693E-4
大意	0	2	0.0	1.4048890137679124E-4
开通	12	12	8.429334082607474E-4	8.429334082607474E-4
友善	1	12	7.024445068839562E-5	8.429334082607474E-4
臭	69	29	0.004846867097499297	0.0020370890699634727
期待	39	167	0.002739533576847429	0.011730823264962068
担忧	2	0	1.4048890137679124E-4	0.0
耀	0	1	0.0	7.024445068839562E-5
老	341	622	0.023953357684742906	0.043692048328182076
蛮不讲理	1	0	7.024445068839562E-5	0.0
有据	1	0	7.024445068839562E-5	0.0
苛刻	3	3	2.1073335206518685E-4	2.1073335206518685E-4
欢乐	2	3	1.4048890137679124E-4	2.1073335206518685E-4
绝佳	0	16	0.0	0.00112391121101433
刻薄	1	0	7.024445068839562E-5	0.0
实际上	19	28	0.0013346445630795167	0.001966844619275077
狼藉	1	1	7.024445068839562E-5	7.024445068839562E-5
发呆	3	7	2.1073335206518685E-4	4.917111548187693E-4
悄悄	2	5	1.4048890137679124E-4	3.5122225344197806E-4
实实惠惠	1	0	7.024445068839562E-5	0.0
爱护	0	1	0.0	7.024445068839562E-5
肃	18	3	0.001264400112391121	2.1073335206518685E-4
一怒之下	2	0	1.4048890137679124E-4	0.0
肆	4	7	2.809778027535825E-4	4.917111548187693E-4
肉	37	82	0.0025990446754706378	0.00576004495644844
行时	0	2	0.0	1.4048890137679124E-4
可贵	1	9	7.024445068839562E-5	6.322000561955605E-4
简洁	3	31	2.1073335206518685E-4	0.0021775779713402643
肥	17	13	0.0011941556617027255	9.13177858949143E-4
表扬	12	62	8.429334082607474E-4	0.0043551559426805286
肯	129	186	0.009061534138803035	0.013065467828041584
水灵	0	1	0.0	7.024445068839562E-5
娇艳	0	2	0.0	1.4048890137679124E-4
开心	12	41	8.429334082607474E-4	0.00288002247822422
强行	0	2	0.0	1.4048890137679124E-4
至深	1	3	7.024445068839562E-5	2.1073335206518685E-4
胜	8	44	5.61955605507165E-4	0.0030907558302894073
喜好	3	8	2.1073335206518685E-4	5.61955605507165E-4
满意	150	658	0.010536667603259343	0.046220848552964315
胡	28	29	0.001966844619275077	0.0020370890699634727
专制	0	1	0.0	7.024445068839562E-5
原始	0	1	0.0	7.024445068839562E-5
变通	4	0	2.809778027535825E-4	0.0
能	1619	1918	0.11372576566451251	0.1347288564203428
舒舒服服	0	2	0.0	1.4048890137679124E-4
真诚	54	52	0.0037932003371733635	0.003652711435796572
乱	128	88	0.00899128968811464	0.0061815116605788145
高质量	2	1	1.4048890137679124E-4	7.024445068839562E-5
茫	2	7	1.4048890137679124E-4	4.917111548187693E-4
哭丧着脸	1	0	7.024445068839562E-5	0.0
最新	1	2	7.024445068839562E-5	1.4048890137679124E-4
五大三粗	1	0	7.024445068839562E-5	0.0
乖	6	0	4.214667041303737E-4	0.0
乐	84	227	0.005900533857825232	0.015945490306265804
乏	23	20	0.0016156223658330992	0.0014048890137679123
义	32	30	0.00224782242202866	0.0021073335206518687
茂	4	17	2.809778027535825E-4	0.0011941556617027255
天才	23	23	0.0016156223658330992	0.0016156223658330992
丽	40	161	0.0028097780275358245	0.011309356560831695
丰	22	371	0.0015453779151447036	0.026060691205394775
酷爱	0	1	0.0	7.024445068839562E-5
荫	0	7	0.0	4.917111548187693E-4
中	745	1909	0.052332115762854736	0.13409665636414722
衰弱	1	1	7.024445068839562E-5	7.024445068839562E-5
荡	16	20	0.00112391121101433	0.0014048890137679123
恰到好处	0	2	0.0	1.4048890137679124E-4
荣	3	20	2.1073335206518685E-4	0.0014048890137679123
芳香	0	2	0.0	1.4048890137679124E-4
严	109	61	0.007656645125035122	0.0042849114919921326
谅解	12	16	8.429334082607474E-4	0.00112391121101433
折服	0	1	0.0	7.024445068839562E-5
荟	0	2	0.0	1.4048890137679124E-4
丑	5	3	3.5122225344197806E-4	2.1073335206518685E-4
荒	13	15	9.13177858949143E-4	0.0010536667603259344
上	3061	4127	0.21501826355717898	0.28989884799100873
下	1572	2684	0.11042427648215791	0.18853610564765383
草	15	53	0.0010536667603259344	0.0037229558864849675
厉害	9	18	6.322000561955605E-4	0.001264400112391121
仰	0	1	0.0	7.024445068839562E-5
爽快	1	4	7.024445068839562E-5	2.809778027535825E-4
高尚	0	1	0.0	7.024445068839562E-5
一口	14	8	9.834223096375386E-4	5.61955605507165E-4
仁	6	4	4.214667041303737E-4	2.809778027535825E-4
什	797	742	0.055984827198651305	0.05212138241078955
高层	16	43	0.00112391121101433	0.0030205113796010117
菲	11	42	7.726889575723518E-4	0.002950266928912616
不道德	3	0	2.1073335206518685E-4	0.0
枯燥	0	1	0.0	7.024445068839562E-5
亢	2	0	1.4048890137679124E-4	0.0
亮	57	273	0.00400393368923855	0.019176735037932005
光明	1	10	7.024445068839562E-5	7.024445068839561E-4
亚	27	101	0.0018966001685866817	0.0070946895195279575
傻眼	1	0	7.024445068839562E-5	0.0
不利	2	2	1.4048890137679124E-4	1.4048890137679124E-4
爱惜	0	2	0.0	1.4048890137679124E-4
佩	7	5	4.917111548187693E-4	3.5122225344197806E-4
稳定	12	19	8.429334082607474E-4	0.0013346445630795167
美不胜收	0	5	0.0	3.5122225344197806E-4
十分满意	0	5	0.0	3.5122225344197806E-4
富裕	0	1	0.0	7.024445068839562E-5
佳	28	120	0.001966844619275077	0.008429334082607475
低	215	183	0.015102556898005057	0.012854734475976399
富丽	2	7	1.4048890137679124E-4	4.917111548187693E-4
不雅观	1	0	7.024445068839562E-5	0.0
皱巴	2	0	1.4048890137679124E-4	0.0
舒	165	932	0.011590334363585277	0.06546782804158471
伪	5	0	3.5122225344197806E-4	0.0
良	23	71	0.0016156223658330992	0.004987355998876089
出众	1	1	7.024445068839562E-5	7.024445068839562E-5
雅致	0	13	0.0	9.13177858949143E-4
喧嚣	1	7	7.024445068839562E-5	4.917111548187693E-4
伤	19	9	0.0013346445630795167	6.322000561955605E-4
愣住	0	2	0.0	1.4048890137679124E-4
有方	0	2	0.0	1.4048890137679124E-4
一成不变	1	0	7.024445068839562E-5	0.0
突出	0	15	0.0	0.0010536667603259344
似	88	191	0.0061815116605788145	0.013416690081483563
艳	1	8	7.024445068839562E-5	5.61955605507165E-4
艰	1	0	7.024445068839562E-5	0.0
恭敬	0	1	0.0	7.024445068839562E-5
无视	6	3	4.214667041303737E-4	2.1073335206518685E-4
企	37	11	0.0025990446754706378	7.726889575723518E-4
松垮	4	0	2.809778027535825E-4	0.0
会	1322	2055	0.092863163810059	0.144352346164653
优	180	461	0.012644001123911211	0.032382691767350376
伟	3	3	2.1073335206518685E-4	2.1073335206518685E-4
可亲	0	4	0.0	2.809778027535825E-4
好奇	4	6	2.809778027535825E-4	4.214667041303737E-4
不平衡	1	0	7.024445068839562E-5	0.0
花哨	1	2	7.024445068839562E-5	1.4048890137679124E-4
芳	1	5	7.024445068839562E-5	3.5122225344197806E-4
花	174	447	0.012222534419780837	0.03139926945771284
可乐	11	14	7.726889575723518E-4	9.834223096375386E-4
斗争	3	2	2.1073335206518685E-4	1.4048890137679124E-4
完善	15	35	0.0010536667603259344	0.0024585557740938466
欢迎	47	104	0.003301489182354594	0.007305422871593144
俏	0	4	0.0	2.809778027535825E-4
关心	5	20	3.5122225344197806E-4	0.0014048890137679123
俊	0	1	0.0	7.024445068839562E-5
不公	3	3	2.1073335206518685E-4	2.1073335206518685E-4
俗	12	10	8.429334082607474E-4	7.024445068839561E-4
芜	0	11	0.0	7.726889575723518E-4
没意思	1	0	7.024445068839562E-5	0.0
好好	37	34	0.0025990446754706378	0.002388311323405451
得体	1	8	7.024445068839562E-5	5.61955605507165E-4
熠熠	0	1	0.0	7.024445068839562E-5
苦	35	23	0.0024585557740938466	0.0016156223658330992
复杂	12	8	8.429334082607474E-4	5.61955605507165E-4
有效	19	25	0.0013346445630795167	0.0017561112672098904
犹豫	2	19	1.4048890137679124E-4	0.0013346445630795167
费时	8	6	5.61955605507165E-4	4.214667041303737E-4
便	646	2407	0.045377915144703566	0.16907839280696824
侈	1	8	7.024445068839562E-5	5.61955605507165E-4
关怀	4	2	2.809778027535825E-4	1.4048890137679124E-4
苛	4	3	2.809778027535825E-4	2.1073335206518685E-4
和蔼可亲	0	2	0.0	1.4048890137679124E-4
苞	2	0	1.4048890137679124E-4	0.0
愣头愣脑	2	0	1.4048890137679124E-4	0.0
蓬勃	0	1	0.0	7.024445068839562E-5
怀疑	55	15	0.003863444787861759	0.0010536667603259344
蔑	3	0	2.1073335206518685E-4	0.0
蔚	1	1	7.024445068839562E-5	7.024445068839562E-5
不俗	0	2	0.0	1.4048890137679124E-4
讨厌	5	6	3.5122225344197806E-4	4.214667041303737E-4
可嘉	2	2	1.4048890137679124E-4	1.4048890137679124E-4
有序	0	6	0.0	4.214667041303737E-4
蔼	0	8	0.0	5.61955605507165E-4
不便	68	129	0.004776622646810902	0.009061534138803035
公开	10	1	7.024445068839561E-4	7.024445068839562E-5
认可	4	35	2.809778027535825E-4	0.0024585557740938466
尽善尽美	0	2	0.0	1.4048890137679124E-4
根本	310	76	0.02177577971340264	0.005338578252318067
好办	1	0	7.024445068839562E-5	0.0
健美	0	1	0.0	7.024445068839562E-5
友好	9	39	6.322000561955605E-4	0.002739533576847429
忽略	0	2	0.0	1.4048890137679124E-4
古色古香	2	14	1.4048890137679124E-4	9.834223096375386E-4
感动	4	86	2.809778027535825E-4	0.006041022759202023
薄	23	24	0.0016156223658330992	0.0016858668165214948
不合适	4	4	2.809778027535825E-4	2.809778027535825E-4
成熟	0	6	0.0	4.214667041303737E-4
曲折	1	0	7.024445068839562E-5	0.0
有趣	3	3	2.1073335206518685E-4	2.1073335206518685E-4
著	24	29	0.0016858668165214948	0.0020370890699634727
啼笑皆非	1	0	7.024445068839562E-5	0.0
没有礼貌	5	0	3.5122225344197806E-4	0.0
背后	2	12	1.4048890137679124E-4	8.429334082607474E-4
有心	6	7	4.214667041303737E-4	4.917111548187693E-4
玲珑	0	3	0.0	2.1073335206518685E-4
奇妙	2	1	1.4048890137679124E-4	7.024445068839562E-5
萋	0	2	0.0	1.4048890137679124E-4
可观	0	1	0.0	7.024445068839562E-5
萧	2	5	1.4048890137679124E-4	3.5122225344197806E-4
乱糟糟	4	1	2.809778027535825E-4	7.024445068839562E-5
不正常	0	2	0.0	1.4048890137679124E-4
下作	1	0	7.024445068839562E-5	0.0
入微	1	4	7.024445068839562E-5	2.809778027535825E-4
超重	0	1	0.0	7.024445068839562E-5
扰攘	0	2	0.0	1.4048890137679124E-4
呆头呆脑	0	3	0.0	2.1073335206518685E-4
老气	1	0	7.024445068839562E-5	0.0
纯净	5	6	3.5122225344197806E-4	4.214667041303737E-4
从始至终	0	2	0.0	1.4048890137679124E-4
虚拟	0	4	0.0	2.809778027535825E-4
公平	1	7	7.024445068839562E-5	4.917111548187693E-4
多彩	1	1	7.024445068839562E-5	7.024445068839562E-5
好听	1	5	7.024445068839562E-5	3.5122225344197806E-4
虚弱	1	0	7.024445068839562E-5	0.0
切身	0	1	0.0	7.024445068839562E-5
统一	6	9	4.214667041303737E-4	6.322000561955605E-4
流利	0	2	0.0	1.4048890137679124E-4
大度	3	0	2.1073335206518685E-4	0.0
污浊	1	0	7.024445068839562E-5	0.0
臭名昭著	0	2	0.0	1.4048890137679124E-4
阴冷	2	1	1.4048890137679124E-4	7.024445068839562E-5
朴实	0	10	0.0	7.024445068839561E-4
松动	2	0	1.4048890137679124E-4	0.0
不闻不问	1	0	7.024445068839562E-5	0.0
上上	15	16	0.0010536667603259344	0.00112391121101433
看上	26	50	0.001826355717898286	0.0035122225344197807
迷蒙	0	1	0.0	7.024445068839562E-5
小心翼翼	4	2	2.809778027535825E-4	1.4048890137679124E-4
狡诈	1	0	7.024445068839562E-5	0.0
发牢骚	0	1	0.0	7.024445068839562E-5
可口	4	45	2.809778027535825E-4	0.003161000280977803
绝了	5	5	3.5122225344197806E-4	3.5122225344197806E-4
清真	1	5	7.024445068839562E-5	3.5122225344197806E-4
好吃	30	136	0.0021073335206518687	0.009553245293621804
蜜	0	17	0.0	0.0011941556617027255
阴险	1	0	7.024445068839562E-5	0.0
草草	1	5	7.024445068839562E-5	3.5122225344197806E-4
完备	1	13	7.024445068839562E-5	9.13177858949143E-4
上乘	0	3	0.0	2.1073335206518685E-4
讽刺	1	1	7.024445068839562E-5	7.024445068839562E-5
吓人	12	2	8.429334082607474E-4	1.4048890137679124E-4
真心诚意	0	2	0.0	1.4048890137679124E-4
开阔	1	19	7.024445068839562E-5	0.0013346445630795167
脏乱	19	4	0.0013346445630795167	2.809778027535825E-4
狂妄自大	1	0	7.024445068839562E-5	0.0
看中	0	6	0.0	4.214667041303737E-4
鲜明	2	3	1.4048890137679124E-4	2.1073335206518685E-4
酸涩	0	1	0.0	7.024445068839562E-5
明细	4	4	2.809778027535825E-4	2.809778027535825E-4
不透气	1	1	7.024445068839562E-5	7.024445068839562E-5
腥臭	1	0	7.024445068839562E-5	0.0
虚心	5	2	3.5122225344197806E-4	1.4048890137679124E-4
抱怨	14	10	9.834223096375386E-4	7.024445068839561E-4
识趣	1	0	7.024445068839562E-5	0.0
太平	2	10	1.4048890137679124E-4	7.024445068839561E-4
荒芜	0	1	0.0	7.024445068839562E-5
喜出望外	0	2	0.0	1.4048890137679124E-4
白忙	0	1	0.0	7.024445068839562E-5
不真实	2	0	1.4048890137679124E-4	0.0
心细	0	4	0.0	2.809778027535825E-4
看重	1	1	7.024445068839562E-5	7.024445068839562E-5
暗淡	1	1	7.024445068839562E-5	7.024445068839562E-5
最著名	0	1	0.0	7.024445068839562E-5
自然	18	44	0.001264400112391121	0.0030907558302894073
色情	2	1	1.4048890137679124E-4	7.024445068839562E-5
脏兮兮	13	2	9.13177858949143E-4	1.4048890137679124E-4
喧闹	5	8	3.5122225344197806E-4	5.61955605507165E-4
虑	103	209	0.007235178420904749	0.014681090193874684
虐	2	0	1.4048890137679124E-4	0.0
吊儿郎当	2	0	1.4048890137679124E-4	0.0
摩登	0	2	0.0	1.4048890137679124E-4
虚	21	46	0.001475133464456308	0.0032312447316661984
称心	0	1	0.0	7.024445068839562E-5
模糊不清	0	1	0.0	7.024445068839562E-5
萧条	2	1	1.4048890137679124E-4	7.024445068839562E-5
由衷	1	1	7.024445068839562E-5	7.024445068839562E-5
二话不说	1	0	7.024445068839562E-5	0.0
平白	2	0	1.4048890137679124E-4	0.0
豪华型	0	1	0.0	7.024445068839562E-5
不冷不热	1	1	7.024445068839562E-5	7.024445068839562E-5
蛮	31	202	0.0021775779713402643	0.014189379039055915
安好	2	0	1.4048890137679124E-4	0.0
黑漆漆	2	4	1.4048890137679124E-4	2.809778027535825E-4
客观	24	13	0.0016858668165214948	9.13177858949143E-4
虚惊	1	2	7.024445068839562E-5	1.4048890137679124E-4
许可	1	2	7.024445068839562E-5	1.4048890137679124E-4
杂七杂八	1	0	7.024445068839562E-5	0.0
其实	123	166	0.00864006743467266	0.011660578814273672
高大	1	1	7.024445068839562E-5	7.024445068839562E-5
危险	2	5	1.4048890137679124E-4	3.5122225344197806E-4
活动	13	72	9.13177858949143E-4	0.005057600449564484
原封	2	0	1.4048890137679124E-4	0.0
迷茫	1	1	7.024445068839562E-5	7.024445068839562E-5
实在	387	321	0.027184602416409104	0.022548468670974993
有意	18	29	0.001264400112391121	0.0020370890699634727
完好	2	3	1.4048890137679124E-4	2.1073335206518685E-4
名不虚传	0	17	0.0	0.0011941556617027255
悲惨	4	0	2.809778027535825E-4	0.0
有愧	3	2	2.1073335206518685E-4	1.4048890137679124E-4
美味可口	2	0	1.4048890137679124E-4	0.0
冷嘲热讽	4	0	2.809778027535825E-4	0.0
光亮	0	2	0.0	1.4048890137679124E-4
心急	1	0	7.024445068839562E-5	0.0
顺手	4	0	2.809778027535825E-4	0.0
紧凑	3	11	2.1073335206518685E-4	7.726889575723518E-4
愣要	1	0	7.024445068839562E-5	0.0
幽静	0	56	0.0	0.003933689238550154
颖	0	3	0.0	2.1073335206518685E-4
雅静	0	2	0.0	1.4048890137679124E-4
不管用	8	2	5.61955605507165E-4	1.4048890137679124E-4
缭乱	2	1	1.4048890137679124E-4	7.024445068839562E-5
不注意	2	1	1.4048890137679124E-4	7.024445068839562E-5
随手	6	2	4.214667041303737E-4	1.4048890137679124E-4
怡和	0	3	0.0	2.1073335206518685E-4
喧	15	21	0.0010536667603259344	0.001475133464456308
安宁	4	2	2.809778027535825E-4	1.4048890137679124E-4
万变不离其宗	0	2	0.0	1.4048890137679124E-4
骗人	12	1	8.429334082607474E-4	7.024445068839562E-5
好心	7	4	4.917111548187693E-4	2.809778027535825E-4
喜	76	562	0.005338578252318067	0.03947738128687834
象征性	1	0	7.024445068839562E-5	0.0
善	56	146	0.003933689238550154	0.01025568980050576
傲慢	7	2	4.917111548187693E-4	1.4048890137679124E-4
安定	2	1	1.4048890137679124E-4	7.024445068839562E-5
平衡	3	2	2.1073335206518685E-4	1.4048890137679124E-4
啬	0	4	0.0	2.809778027535825E-4
不尽如人意	3	6	2.1073335206518685E-4	4.214667041303737E-4
第一流	0	2	0.0	1.4048890137679124E-4
讲究	3	17	2.1073335206518685E-4	0.0011941556617027255
勤奋	2	0	1.4048890137679124E-4	0.0
正常	42	40	0.002950266928912616	0.0028097780275358245
错落有致	0	2	0.0	1.4048890137679124E-4
星星点点	0	1	0.0	7.024445068839562E-5
顾	91	68	0.006392245012644001	0.004776622646810902
顺	43	102	0.0030205113796010117	0.007164933970216353
没有说的	0	1	0.0	7.024445068839562E-5
赤裸	1	0	7.024445068839562E-5	0.0
允许	11	8	7.726889575723518E-4	5.61955605507165E-4
肯定	94	156	0.006602978364709188	0.010958134307389716
老大难	0	2	0.0	1.4048890137679124E-4
生硬	26	11	0.001826355717898286	7.726889575723518E-4
厚道	7	3	4.917111548187693E-4	2.1073335206518685E-4
真真	1	4	7.024445068839562E-5	2.809778027535825E-4
不划算	8	4	5.61955605507165E-4	2.809778027535825E-4
消停	4	0	2.809778027535825E-4	0.0
不以为然	1	3	7.024445068839562E-5	2.1073335206518685E-4
哀	2	2	1.4048890137679124E-4	1.4048890137679124E-4
哈	48	231	0.0033717336330429896	0.016226468109019388
香	103	429	0.007235178420904749	0.03013486934532172
照理	1	2	7.024445068839562E-5	1.4048890137679124E-4
能动	4	0	2.809778027535825E-4	0.0
肆意	1	0	7.024445068839562E-5	0.0
扬长	1	0	7.024445068839562E-5	0.0
和	1283	2553	0.09012363023321157	0.17933408260747402
嗦	0	1	0.0	7.024445068839562E-5
精巧	0	3	0.0	2.1073335206518685E-4
热火朝天	1	0	7.024445068839562E-5	0.0
不均匀	0	1	0.0	7.024445068839562E-5
花心	0	3	0.0	2.1073335206518685E-4
体谅	0	2	0.0	1.4048890137679124E-4
恐怖	48	9	0.0033717336330429896	6.322000561955605E-4
不合算	3	0	2.1073335206518685E-4	0.0
冷冰冰	24	5	0.0016858668165214948	3.5122225344197806E-4
殷勤	0	9	0.0	6.322000561955605E-4
标致	2	0	1.4048890137679124E-4	0.0
失望	192	67	0.013486934532171958	0.004706378196122506
一流	1	97	7.024445068839562E-5	0.006813711716774375
呵	53	372	0.0037229558864849675	0.026130935656083168
呆	21	37	0.001475133464456308	0.0025990446754706378
艺术	0	11	0.0	7.726889575723518E-4
气粗	2	0	1.4048890137679124E-4	0.0
否	168	140	0.011801067715650464	0.009834223096375386
亮堂	1	0	7.024445068839562E-5	0.0
饶	3	3	2.1073335206518685E-4	2.1073335206518685E-4
名	183	269	0.012854734475976399	0.01889575723517842
吉	19	25	0.0013346445630795167	0.0017561112672098904
骄傲	0	8	0.0	5.61955605507165E-4
吝	0	4	0.0	2.809778027535825E-4
饕	0	2	0.0	1.4048890137679124E-4
领情	1	0	7.024445068839562E-5	0.0
向	190	287	0.013346445630795168	0.02016015734756954
数一数二	0	3	0.0	2.1073335206518685E-4
祝贺	0	1	0.0	7.024445068839562E-5
没的说	0	14	0.0	9.834223096375386E-4
骚	63	78	0.004425400393368924	0.005479067153694858
骄	0	9	0.0	6.322000561955605E-4
精神抖擞	1	0	7.024445068839562E-5	0.0
骂	15	10	0.0010536667603259344	7.024445068839561E-4
基	162	304	0.01137960101152009	0.021354313009272267
悲哀	2	0	1.4048890137679124E-4	0.0
不成功	0	3	0.0	2.1073335206518685E-4
心不在焉	1	0	7.024445068839562E-5	0.0
忌惮	1	0	7.024445068839562E-5	0.0
高	541	1313	0.03800224782242203	0.09223096375386344
恍惚	2	0	1.4048890137679124E-4	0.0
老牌	1	13	7.024445068839562E-5	9.13177858949143E-4
乐意	1	5	7.024445068839562E-5	3.5122225344197806E-4
感谢	143	460	0.010044956448440574	0.03231244731666198
如意	4	2	2.809778027535825E-4	1.4048890137679124E-4
垢	8	2	5.61955605507165E-4	1.4048890137679124E-4
殷切	1	1	7.024445068839562E-5	7.024445068839562E-5
坚	63	26	0.004425400393368924	0.001826355717898286
痛快	0	2	0.0	1.4048890137679124E-4
更优越	1	0	7.024445068839562E-5	0.0
坏	220	85	0.015453779151447036	0.005970778308513627
均	50	58	0.0035122225344197807	0.004074178139926945
痛心	1	2	7.024445068839562E-5	1.4048890137679124E-4
坦	5	5	3.5122225344197806E-4	3.5122225344197806E-4
坡	13	16	9.13177858949143E-4	0.00112391121101433
绝好	0	1	0.0	7.024445068839562E-5
要紧	4	0	2.809778027535825E-4	0.0
快活	0	1	0.0	7.024445068839562E-5
土	35	50	0.0024585557740938466	0.0035122225344197807
主持	1	0	7.024445068839562E-5	0.0
倒胃口	3	0	2.1073335206518685E-4	0.0
坑坑洼洼	3	5	2.1073335206518685E-4	3.5122225344197806E-4
肆无忌惮	1	0	7.024445068839562E-5	0.0
圆	16	15	0.00112391121101433	0.0010536667603259344
聪明	2	2	1.4048890137679124E-4	1.4048890137679124E-4
赞许	0	5	0.0	3.5122225344197806E-4
细小	2	3	1.4048890137679124E-4	2.1073335206518685E-4
答谢	0	1	0.0	7.024445068839562E-5
圣	3	21	2.1073335206518685E-4	0.001475133464456308
自由	4	9	2.809778027535825E-4	6.322000561955605E-4
爱好	0	4	0.0	2.809778027535825E-4
懂礼	1	0	7.024445068839562E-5	0.0
骂人	2	2	1.4048890137679124E-4	1.4048890137679124E-4
爱搭不理	10	1	7.024445068839561E-4	7.024445068839562E-5
哭笑不得	2	0	1.4048890137679124E-4	0.0
松松垮垮	4	0	2.809778027535825E-4	0.0
睁一只眼闭一只眼	1	0	7.024445068839562E-5	0.0
固	8	11	5.61955605507165E-4	7.726889575723518E-4
正宗	6	15	4.214667041303737E-4	0.0010536667603259344
轻轻	2	0	1.4048890137679124E-4	0.0
赞赏	0	11	0.0	7.726889575723518E-4
质优	1	0	7.024445068839562E-5	0.0
精心	0	4	0.0	2.809778027535825E-4
叫苦	0	1	0.0	7.024445068839562E-5
原谅	6	2	4.214667041303737E-4	1.4048890137679124E-4
噩	11	2	7.726889575723518E-4	1.4048890137679124E-4
鬼	16	11	0.00112391121101433	7.726889575723518E-4
萧瑟	0	2	0.0	1.4048890137679124E-4
精彩	0	3	0.0	2.1073335206518685E-4
嘉	11	49	7.726889575723518E-4	0.003441978083731385
嘈	22	27	0.0015453779151447036	0.0018966001685866817
结实	1	2	7.024445068839562E-5	1.4048890137679124E-4
注意	60	89	0.004214667041303737	0.00625175611126721
嘎	2	5	1.4048890137679124E-4	3.5122225344197806E-4
嘘	1	0	7.024445068839562E-5	0.0
贵重	7	5	4.917111548187693E-4	3.5122225344197806E-4
随随便便	1	0	7.024445068839562E-5	0.0
火冒三丈	2	2	1.4048890137679124E-4	1.4048890137679124E-4
人和	19	15	0.0013346445630795167	0.0010536667603259344
亲善	0	2	0.0	1.4048890137679124E-4
醒目	0	9	0.0	6.322000561955605E-4
不一致	4	0	2.809778027535825E-4	0.0
坚定	2	2	1.4048890137679124E-4	1.4048890137679124E-4
确切	3	0	2.1073335206518685E-4	0.0
好客	0	8	0.0	5.61955605507165E-4
爱屋及乌	0	2	0.0	1.4048890137679124E-4
冷	334	290	0.023461646529924135	0.020370890699634728
宽大	2	19	1.4048890137679124E-4	0.0013346445630795167
冒	49	28	0.003441978083731385	0.001966844619275077
通畅	1	6	7.024445068839562E-5	4.214667041303737E-4
冀	0	2	0.0	1.4048890137679124E-4
十全	2	6	1.4048890137679124E-4	4.214667041303737E-4
凶	10	2	7.024445068839561E-4	1.4048890137679124E-4
胆小	1	0	7.024445068839562E-5	0.0
凛	0	1	0.0	7.024445068839562E-5
错误	27	11	0.0018966001685866817	7.726889575723518E-4
鲜	41	177	0.00288002247822422	0.012433267771846024
不好使	4	4	2.809778027535825E-4	2.809778027535825E-4
凉	69	91	0.004846867097499297	0.006392245012644001
断然	1	0	7.024445068839562E-5	0.0
鲁	8	17	5.61955605507165E-4	0.0011941556617027255
净	230	1062	0.01615622365833099	0.07459960663107615
惊叹	4	0	2.809778027535825E-4	0.0
人不知	1	1	7.024445068839562E-5	7.024445068839562E-5
准	454	749	0.03189098061253161	0.05261309356560832
凄	1	0	7.024445068839562E-5	0.0
赏心悦目	0	2	0.0	1.4048890137679124E-4
动摇	1	0	7.024445068839562E-5	0.0
明明	63	14	0.004425400393368924	9.834223096375386E-4
惊呆	1	0	7.024445068839562E-5	0.0
阴森	8	3	5.61955605507165E-4	2.1073335206518685E-4
明显	75	90	0.0052683338016296715	0.006322000561955606
出神	2	0	1.4048890137679124E-4	0.0
无毒	0	4	0.0	2.809778027535825E-4
长线	1	0	7.024445068839562E-5	0.0
大方	1	19	7.024445068839562E-5	0.0013346445630795167
全	482	707	0.033857825231806686	0.0496628266366957
巧妙	0	2	0.0	1.4048890137679124E-4
平安无事	2	0	1.4048890137679124E-4	0.0
公	317	720	0.02226749086822141	0.050576004495644845
允	11	8	7.726889575723518E-4	5.61955605507165E-4
恰当	1	0	7.024445068839562E-5	0.0
光	168	446	0.011801067715650464	0.03132902500702445
阔气	0	4	0.0	2.809778027535825E-4
傻	19	6	0.0013346445630795167	4.214667041303737E-4
傲	9	11	6.322000561955605E-4	7.726889575723518E-4
陈旧	221	249	0.015524023602135431	0.017490868221410508
粗暴	0	1	0.0	7.024445068839562E-5
邋遢	1	0	7.024445068839562E-5	0.0
行礼	2	5	1.4048890137679124E-4	3.5122225344197806E-4
僻	31	26	0.0021775779713402643	0.001826355717898286
区区	2	3	1.4048890137679124E-4	2.1073335206518685E-4
在情理之中	1	0	7.024445068839562E-5	0.0
僵	7	3	4.917111548187693E-4	2.1073335206518685E-4
安康	0	4	0.0	2.809778027535825E-4
欣慰	7	3	4.917111548187693E-4	2.1073335206518685E-4
在意	15	12	0.0010536667603259344	8.429334082607474E-4
内行	0	2	0.0	1.4048890137679124E-4
严整	2	0	1.4048890137679124E-4	0.0
责难	0	2	0.0	1.4048890137679124E-4
可耻	1	0	7.024445068839562E-5	0.0
倡	5	4	3.5122225344197806E-4	2.809778027535825E-4
先进	9	8	6.322000561955605E-4	5.61955605507165E-4
淡薄	1	0	7.024445068839562E-5	0.0
倨	1	0	7.024445068839562E-5	0.0
价值连城	1	0	7.024445068839562E-5	0.0
消遣	0	1	0.0	7.024445068839562E-5
闪烁	1	2	7.024445068839562E-5	1.4048890137679124E-4
经验不足	1	2	7.024445068839562E-5	1.4048890137679124E-4
妥善	1	3	7.024445068839562E-5	2.1073335206518685E-4
正好	22	85	0.0015453779151447036	0.005970778308513627
可能	244	401	0.01713964596796853	0.028168024726046643
残酷	1	1	7.024445068839562E-5	7.024445068839562E-5
健	41	117	0.00288002247822422	0.008218600730542288
窝心	2	3	1.4048890137679124E-4	2.1073335206518685E-4
偷	16	10	0.00112391121101433	7.024445068839561E-4
拘谨	0	2	0.0	1.4048890137679124E-4
荒谬	2	0	1.4048890137679124E-4	0.0
赫赫	1	1	7.024445068839562E-5	7.024445068839562E-5
假	117	369	0.008218600730542288	0.025920202304017984
一尘不染	2	0	1.4048890137679124E-4	0.0
正大	3	2	2.1073335206518685E-4	1.4048890137679124E-4
偏	139	332	0.009763978645686991	0.023321157628547345
厚	25	51	0.0017561112672098904	0.0035824669851081763
漫不经心	3	0	2.1073335206518685E-4	0.0
原	294	354	0.020651868502388312	0.02486653554369205
黑	206	71	0.014470356841809497	0.004987355998876089
暗地	1	0	7.024445068839562E-5	0.0
厉	12	21	8.429334082607474E-4	0.001475133464456308
厌	7	16	4.917111548187693E-4	0.00112391121101433
惊喜	4	60	2.809778027535825E-4	0.004214667041303737
僵化	3	1	2.1073335206518685E-4	7.024445068839562E-5
中意	1	4	7.024445068839562E-5	2.809778027535825E-4
恶心	61	11	0.0042849114919921326	7.726889575723518E-4
在心	2	2	1.4048890137679124E-4	1.4048890137679124E-4
心痛	4	0	2.809778027535825E-4	0.0
反	455	600	0.03196122506322001	0.04214667041303737
友	320	611	0.022478224220286596	0.04291935937060972
麻	69	81	0.004846867097499297	0.005689800505760045
叹	9	9	6.322000561955605E-4	6.322000561955605E-4
生猛	0	2	0.0	1.4048890137679124E-4
封闭	5	6	3.5122225344197806E-4	4.214667041303737E-4
和气	5	6	3.5122225344197806E-4	4.214667041303737E-4
心疼	4	1	2.809778027535825E-4	7.024445068839562E-5
可	1779	3793	0.1249648777746558	0.26643720146108457
粗鲁	1	0	7.024445068839562E-5	0.0
不满意	64	42	0.00449564484405732	0.002950266928912616
华丽	2	7	1.4048890137679124E-4	4.917111548187693E-4
老掉牙	1	0	7.024445068839562E-5	0.0
静谧	0	2	0.0	1.4048890137679124E-4
匀	0	1	0.0	7.024445068839562E-5
负面	0	4	0.0	2.809778027535825E-4
愚蠢	3	0	2.1073335206518685E-4	0.0
宽容	2	0	1.4048890137679124E-4	0.0
单	632	614	0.04439449283506603	0.04313009272267491
卓	0	6	0.0	4.214667041303737E-4
卑	2	1	1.4048890137679124E-4	7.024445068839562E-5
实心	0	1	0.0	7.024445068839562E-5
有文化	0	1	0.0	7.024445068839562E-5
华	232	651	0.01629671255970778	0.04572913739814555
鸿	4	7	2.809778027535825E-4	4.917111548187693E-4
变色	0	2	0.0	1.4048890137679124E-4
欢快	0	1	0.0	7.024445068839562E-5
森森	2	1	1.4048890137679124E-4	7.024445068839562E-5
昏暗	30	9	0.0021073335206518687	6.322000561955605E-4
够格	0	4	0.0	2.809778027535825E-4
片面	3	0	2.1073335206518685E-4	0.0
变脸	1	0	7.024445068839562E-5	0.0
不易	1	5	7.024445068839562E-5	3.5122225344197806E-4
劣	95	8	0.006673222815397584	5.61955605507165E-4
亲切	11	92	7.726889575723518E-4	0.006462489463332397
劲	63	18	0.004425400393368924	0.001264400112391121
怀念	2	5	1.4048890137679124E-4	3.5122225344197806E-4
龌	2	2	1.4048890137679124E-4	1.4048890137679124E-4
无动于衷	4	4	2.809778027535825E-4	2.809778027535825E-4
理想	19	49	0.0013346445630795167	0.003441978083731385
触目惊心	2	0	1.4048890137679124E-4	0.0
勇	3	0	2.1073335206518685E-4	0.0
明智	1	3	7.024445068839562E-5	2.1073335206518685E-4
勃	0	1	0.0	7.024445068839562E-5
舒畅	0	7	0.0	4.917111548187693E-4
勤	5	38	3.5122225344197806E-4	0.0026692891261590333
隐形	2	0	1.4048890137679124E-4	0.0
单一	4	12	2.809778027535825E-4	8.429334082607474E-4
不平等	0	1	0.0	7.024445068839562E-5
刁	3	0	2.1073335206518685E-4	0.0
优越	6	44	4.214667041303737E-4	0.0030907558302894073
齐	34	230	0.002388311323405451	0.01615622365833099
刚	188	220	0.013205956729418376	0.015453779151447036
利	82	297	0.00576004495644844	0.0208626018544535
勉强	42	22	0.002950266928912616	0.0015453779151447036
恶狠狠	1	0	7.024445068839562E-5	0.0
到	2962	4480	0.20806406293902782	0.31469513908401237
免费	197	804	0.013838156785613936	0.05647653835347007
无能为力	7	0	4.917111548187693E-4	0.0
迷糊	4	2	2.809778027535825E-4	1.4048890137679124E-4
幽默	1	1	7.024445068839562E-5	7.024445068839562E-5
不协调	0	5	0.0	3.5122225344197806E-4
急死	1	0	7.024445068839562E-5	0.0
皱巴巴	2	0	1.4048890137679124E-4	0.0
简要	0	3	0.0	2.1073335206518685E-4
熠熠生辉	0	1	0.0	7.024445068839562E-5
优质	21	52	0.001475133464456308	0.003652711435796572
礼貌	32	103	0.00224782242202866	0.007235178420904749
豁然	0	1	0.0	7.024445068839562E-5
最高	13	58	9.13177858949143E-4	0.004074178139926945
逊	5	13	3.5122225344197806E-4	9.13177858949143E-4
漂浮	0	4	0.0	2.809778027535825E-4
适	109	738	0.007656645125035122	0.05184040460803597
不好吃	14	10	9.834223096375386E-4	7.024445068839561E-4
风风火火	0	2	0.0	1.4048890137679124E-4
快捷	57	33	0.00400393368923855	0.0023180668727170554
逆	3	0	2.1073335206518685E-4	0.0
恶劣	71	2	0.004987355998876089	1.4048890137679124E-4
惊讶	6	10	4.214667041303737E-4	7.024445068839561E-4
通	640	1338	0.04495644844057319	0.09398707502107334
逗	4	4	2.809778027535825E-4	2.809778027535825E-4
崭	0	4	0.0	2.809778027535825E-4
雪亮	1	0	7.024445068839562E-5	0.0
难吃	32	26	0.00224782242202866	0.001826355717898286
鸡犬不宁	1	0	7.024445068839562E-5	0.0
熙攘	1	0	7.024445068839562E-5	0.0
惊诧	2	0	1.4048890137679124E-4	0.0
从头到尾	3	2	2.1073335206518685E-4	1.4048890137679124E-4
崇	5	5	3.5122225344197806E-4	3.5122225344197806E-4
恬静	0	5	0.0	3.5122225344197806E-4
留神	2	1	1.4048890137679124E-4	7.024445068839562E-5
难听	0	2	0.0	1.4048890137679124E-4
经意	2	2	1.4048890137679124E-4	1.4048890137679124E-4
左	110	206	0.007726889575723518	0.014470356841809497
巧	16	54	0.00112391121101433	0.0037932003371733635
邪	3	0	2.1073335206518685E-4	0.0
干脆	11	7	7.726889575723518E-4	4.917111548187693E-4
差	2014	1055	0.14147232368642879	0.07410789547625737
幸运	0	15	0.0	0.0010536667603259344
巴	44	173	0.0030907558302894073	0.012152289969092442
苦恼	1	1	7.024445068839562E-5	7.024445068839562E-5
整整齐齐	0	2	0.0	1.4048890137679124E-4
强硬	9	0	6.322000561955605E-4	0.0
固定	6	11	4.214667041303737E-4	7.726889575723518E-4
静悄悄	0	1	0.0	7.024445068839562E-5
如期	1	0	7.024445068839562E-5	0.0
封闭式	0	1	0.0	7.024445068839562E-5
高价	16	1	0.00112391121101433	7.024445068839562E-5
理所当然	0	2	0.0	1.4048890137679124E-4
实惠	13	138	9.13177858949143E-4	0.009693734194998594
郁	79	57	0.005549311604383254	0.00400393368923855
幽美	0	1	0.0	7.024445068839562E-5
关切	0	1	0.0	7.024445068839562E-5
手巧	1	0	7.024445068839562E-5	0.0
如故	2	1	1.4048890137679124E-4	7.024445068839562E-5
鄙	13	4	9.13177858949143E-4	2.809778027535825E-4
有功	0	2	0.0	1.4048890137679124E-4
荒唐	2	0	1.4048890137679124E-4	0.0
风趣	0	2	0.0	1.4048890137679124E-4
干干净净	0	2	0.0	1.4048890137679124E-4
酸	8	46	5.61955605507165E-4	0.0032312447316661984
酷	4	3	2.809778027535825E-4	2.1073335206518685E-4
不合时宜	0	2	0.0	1.4048890137679124E-4
爽利	0	1	0.0	7.024445068839562E-5
酥	0	3	0.0	2.1073335206518685E-4
难过	1	3	7.024445068839562E-5	2.1073335206518685E-4
数落	1	3	7.024445068839562E-5	2.1073335206518685E-4
尤	51	247	0.0035824669851081763	0.017350379320033717
尚	45	151	0.003161000280977803	0.010606912053947738
私下里	1	0	7.024445068839562E-5	0.0
一体化	2	0	1.4048890137679124E-4	0.0
尖	7	38	4.917111548187693E-4	0.0026692891261590333
小	1693	2458	0.11892385501545379	0.17266085979207643
尊	91	90	0.006392245012644001	0.006322000561955606
中心	127	426	0.008921045237426243	0.029924135993256534
难受	19	14	0.0013346445630795167	9.834223096375386E-4
郁闷	76	52	0.005338578252318067	0.003652711435796572
费劲	3	5	2.1073335206518685E-4	3.5122225344197806E-4
超级	46	55	0.0032312447316661984	0.003863444787861759
费力	3	2	2.1073335206518685E-4	1.4048890137679124E-4
入味	0	4	0.0	2.809778027535825E-4
闷气	1	0	7.024445068839562E-5	0.0
必备	1	1	7.024445068839562E-5	7.024445068839562E-5
如旧	1	0	7.024445068839562E-5	0.0
山摇地动	1	0	7.024445068839562E-5	0.0
繁琐	0	2	0.0	1.4048890137679124E-4
菲薄	1	0	7.024445068839562E-5	0.0
模糊	6	3	4.214667041303737E-4	2.1073335206518685E-4
不好听	1	0	7.024445068839562E-5	0.0
有利	3	5	2.1073335206518685E-4	3.5122225344197806E-4
适用	2	8	1.4048890137679124E-4	5.61955605507165E-4
不适宜	2	0	1.4048890137679124E-4	0.0
吉祥	0	1	0.0	7.024445068839562E-5
野	6	48	4.214667041303737E-4	0.0033717336330429896
不规则	2	1	1.4048890137679124E-4	7.024445068839562E-5
重	408	336	0.02865973588086541	0.02360213543130093
气呼呼	1	0	7.024445068839562E-5	0.0
委屈	2	2	1.4048890137679124E-4	1.4048890137679124E-4
辛苦	6	8	4.214667041303737E-4	5.61955605507165E-4
纯朴	1	3	7.024445068839562E-5	2.1073335206518685E-4
简约	4	6	2.809778027535825E-4	4.214667041303737E-4
当	749	923	0.05261309356560832	0.06483562798538915
彬	0	38	0.0	0.0026692891261590333
彰	1	2	7.024445068839562E-5	1.4048890137679124E-4
雍和	0	1	0.0	7.024445068839562E-5
正面	12	3	8.429334082607474E-4	2.1073335206518685E-4
无私	1	0	7.024445068839562E-5	0.0
强横	1	0	7.024445068839562E-5	0.0
不悦	3	1	2.1073335206518685E-4	7.024445068839562E-5
偏狭	1	0	7.024445068839562E-5	0.0
不文明	2	0	1.4048890137679124E-4	0.0
异	97	82	0.006813711716774375	0.00576004495644844
感同身受	0	2	0.0	1.4048890137679124E-4
荒凉	6	10	4.214667041303737E-4	7.024445068839561E-4
强	285	251	0.02001966844619275	0.0176313571227873
弱	11	11	7.726889575723518E-4	7.726889575723518E-4
考究	1	0	7.024445068839562E-5	0.0
详细	10	9	7.024445068839561E-4	6.322000561955605E-4
忌	7	3	4.917111548187693E-4	2.1073335206518685E-4
甜美	0	3	0.0	2.1073335206518685E-4
守时	2	1	1.4048890137679124E-4	7.024445068839562E-5
不慎	2	4	1.4048890137679124E-4	2.809778027535825E-4
完整	3	0	2.1073335206518685E-4	0.0
不愿	26	13	0.001826355717898286	9.13177858949143E-4
忧	4	0	2.809778027535825E-4	0.0
忠	18	15	0.001264400112391121	0.0010536667603259344
快	294	613	0.020651868502388312	0.043059848271986514
念	26	45	0.001826355717898286	0.003161000280977803
可笑	19	0	0.0013346445630795167	0.0
通情达理	2	0	1.4048890137679124E-4	0.0
杂乱	3	4	2.1073335206518685E-4	2.809778027535825E-4
不愧	0	23	0.0	0.0016156223658330992
徒	4	8	2.809778027535825E-4	5.61955605507165E-4
为宜	0	3	0.0	2.1073335206518685E-4
得当	0	3	0.0	2.1073335206518685E-4
常规	2	1	1.4048890137679124E-4	7.024445068839562E-5
无礼	4	1	2.809778027535825E-4	7.024445068839562E-5
幽	4	90	2.809778027535825E-4	0.006322000561955606
亮丽	0	1	0.0	7.024445068839562E-5
幻	1	7	7.024445068839562E-5	4.917111548187693E-4
害怕	1	11	7.024445068839562E-5	7.726889575723518E-4
干	325	1111	0.022829446473728577	0.07804158471480753
平	245	354	0.017209890418656927	0.02486653554369205
需要	193	338	0.013557178982860353	0.02374262433267772
不懈	0	1	0.0	7.024445068839562E-5
卓越	0	1	0.0	7.024445068839562E-5
手快	1	0	7.024445068839562E-5	0.0
有味	18	17	0.001264400112391121	0.0011941556617027255
庄重	0	1	0.0	7.024445068839562E-5
玩忽	1	0	7.024445068839562E-5	0.0
主导	2	0	1.4048890137679124E-4	0.0
零乱	1	0	7.024445068839562E-5	0.0
美观	1	1	7.024445068839562E-5	7.024445068839562E-5
希	254	403	0.017842090474852485	0.028308513627423433
精神饱满	0	2	0.0	1.4048890137679124E-4
帅	0	11	0.0	7.726889575723518E-4
过细	0	3	0.0	2.1073335206518685E-4
勤快	0	16	0.0	0.00112391121101433
常	902	2122	0.06336049452093284	0.1490587243607755
苦心	0	1	0.0	7.024445068839562E-5
急于	4	1	2.809778027535825E-4	7.024445068839562E-5
风光	1	6	7.024445068839562E-5	4.214667041303737E-4
小家子气	5	2	3.5122225344197806E-4	1.4048890137679124E-4
指责	4	0	2.809778027535825E-4	0.0
不过意	0	1	0.0	7.024445068839562E-5
酸臭	0	2	0.0	1.4048890137679124E-4
淡而无味	0	2	0.0	1.4048890137679124E-4
负责	50	29	0.0035122225344197807	0.0020370890699634727
阴暗	12	0	8.429334082607474E-4	0.0
有名	3	28	2.1073335206518685E-4	0.001966844619275077
廉	17	34	0.0011941556617027255	0.002388311323405451
尊重	34	6	0.002388311323405451	4.214667041303737E-4
斗胆	2	0	1.4048890137679124E-4	0.0
惦记	1	0	7.024445068839562E-5	0.0
隐隐	1	0	7.024445068839562E-5	0.0
无知	0	1	0.0	7.024445068839562E-5
包容	0	2	0.0	1.4048890137679124E-4
污秽	1	0	7.024445068839562E-5	0.0
财大气粗	2	0	1.4048890137679124E-4	0.0
应	387	743	0.027184602416409104	0.05219162686147794
别具一格	0	2	0.0	1.4048890137679124E-4
废	15	4	0.0010536667603259344	2.809778027535825E-4
庆	43	100	0.0030205113796010117	0.0070244450688395615
顶尖	0	2	0.0	1.4048890137679124E-4
康	25	61	0.0017561112672098904	0.0042849114919921326
庸	3	5	2.1073335206518685E-4	3.5122225344197806E-4
无精打采	3	0	2.1073335206518685E-4	0.0
半新不旧	0	2	0.0	1.4048890137679124E-4
大	2155	4792	0.15137679123349254	0.3366114076987918
重点	5	4	3.5122225344197806E-4	2.809778027535825E-4
头	433	501	0.0304158471480753	0.0351924697948862
夷	8	35	5.61955605507165E-4	0.0024585557740938466
不平	4	3	2.809778027535825E-4	2.1073335206518685E-4
不幸	5	5	3.5122225344197806E-4	3.5122225344197806E-4
夸	20	27	0.0014048890137679123	0.0018966001685866817
激动	1	0	7.024445068839562E-5	0.0
复	159	88	0.011168867659454903	0.0061815116605788145
独具匠心	0	2	0.0	1.4048890137679124E-4
得意	0	2	0.0	1.4048890137679124E-4
奢	7	18	4.917111548187693E-4	0.001264400112391121
奥	26	51	0.001826355717898286	0.0035824669851081763
全心全意	0	2	0.0	1.4048890137679124E-4
得天独厚	0	2	0.0	1.4048890137679124E-4
熟悉	10	28	7.024445068839561E-4	0.001966844619275077
奸	1	0	7.024445068839562E-5	0.0
大发雷霆	1	0	7.024445068839562E-5	0.0
不可接受	0	2	0.0	1.4048890137679124E-4
好	2375	6596	0.1668305703849396	0.4633323967406575
奉	32	5	0.00224782242202866	3.5122225344197806E-4
感激涕零	2	0	1.4048890137679124E-4	0.0
摇摇晃晃	2	0	1.4048890137679124E-4	0.0
马马虎虎	9	8	6.322000561955605E-4	5.61955605507165E-4
奖	12	17	8.429334082607474E-4	0.0011941556617027255
心寒	7	0	4.917111548187693E-4	0.0
华贵	0	1	0.0	7.024445068839562E-5
妥	5	19	3.5122225344197806E-4	0.0013346445630795167
呆滞	0	3	0.0	2.1073335206518685E-4
厌倦	1	0	7.024445068839562E-5	0.0
人声鼎沸	2	0	1.4048890137679124E-4	0.0
价高	4	9	2.809778027535825E-4	6.322000561955605E-4
单调	3	22	2.1073335206518685E-4	0.0015453779151447036
郁郁	0	1	0.0	7.024445068839562E-5
妄	2	0	1.4048890137679124E-4	0.0
奢望	1	0	7.024445068839562E-5	0.0
铁	82	259	0.00576004495644844	0.018193312728294466
妙	15	15	0.0010536667603259344	0.0010536667603259344
不得体	1	0	7.024445068839562E-5	0.0
妖	0	2	0.0	1.4048890137679124E-4
珍惜	4	0	2.809778027535825E-4	0.0
冷清清	2	5	1.4048890137679124E-4	3.5122225344197806E-4
钝	3	2	2.1073335206518685E-4	1.4048890137679124E-4
钟	435	569	0.03055633604945209	0.03996909244169711
不当	3	1	2.1073335206518685E-4	7.024445068839562E-5
优雅	1	23	7.024445068839562E-5	0.0016156223658330992
动气	1	0	7.024445068839562E-5	0.0
堵	37	29	0.0025990446754706378	0.0020370890699634727
长	232	372	0.01629671255970778	0.026130935656083168
默认	4	1	2.809778027535825E-4	7.024445068839562E-5
恒定	1	0	7.024445068839562E-5	0.0
照样	7	4	4.917111548187693E-4	2.809778027535825E-4
费事	2	0	1.4048890137679124E-4	0.0
有一套	2	4	1.4048890137679124E-4	2.809778027535825E-4
投入	4	10	2.809778027535825E-4	7.024445068839561E-4
出色	0	3	0.0	2.1073335206518685E-4
五星级	65	186	0.004565889294745715	0.013065467828041584
古香古色	0	1	0.0	7.024445068839562E-5
集中	3	6	2.1073335206518685E-4	4.214667041303737E-4
混乱	17	6	0.0011941556617027255	4.214667041303737E-4
迟疑	0	1	0.0	7.024445068839562E-5
阳性	0	2	0.0	1.4048890137679124E-4
过硬	0	3	0.0	2.1073335206518685E-4
褒奖	0	3	0.0	2.1073335206518685E-4
锦	95	59	0.006673222815397584	0.004144422590615341
不得了	18	17	0.001264400112391121	0.0011941556617027255
十足	0	3	0.0	2.1073335206518685E-4
锐	0	2	0.0	1.4048890137679124E-4
有涵养	0	1	0.0	7.024445068839562E-5
错	475	4903	0.03336611407698792	0.3444085417252037
不快	16	22	0.00112391121101433	0.0015453779151447036
闹	102	256	0.007164933970216353	0.01798257937622928
有为	5	3	3.5122225344197806E-4	2.1073335206518685E-4
闷	109	70	0.007656645125035122	0.004917111548187693
昏沉	2	2	1.4048890137679124E-4	1.4048890137679124E-4
墨	2	9	1.4048890137679124E-4	6.322000561955605E-4
丰富	13	276	9.13177858949143E-4	0.01938746838999719
细心	2	35	1.4048890137679124E-4	0.0024585557740938466
最佳	2	15	1.4048890137679124E-4	0.0010536667603259344
雄伟	1	0	7.024445068839562E-5	0.0
能干	3	1	2.1073335206518685E-4	7.024445068839562E-5
欠妥	0	2	0.0	1.4048890137679124E-4
面目可憎	1	0	7.024445068839562E-5	0.0
壮	16	5	0.00112391121101433	3.5122225344197806E-4
乌烟瘴气	1	1	7.024445068839562E-5	7.024445068839562E-5
舒缓	0	3	0.0	2.1073335206518685E-4
发脾气	7	0	4.917111548187693E-4	0.0
实事求是	1	0	7.024445068839562E-5	0.0
陈	233	268	0.01636695701039618	0.018825512784490024
陋	87	27	0.0061112672098904185	0.0018966001685866817
锋利	0	2	0.0	1.4048890137679124E-4
险	32	32	0.00224782242202866	0.00224782242202866
贴切	2	0	1.4048890137679124E-4	0.0
陶	2	6	1.4048890137679124E-4	4.214667041303737E-4
高贵	3	1	2.1073335206518685E-4	7.024445068839562E-5
阔	2	38	1.4048890137679124E-4	0.0026692891261590333
阴森森	2	1	1.4048890137679124E-4	7.024445068839562E-5
无疑	0	7	0.0	4.917111548187693E-4
孛	4	1	2.809778027535825E-4	7.024445068839562E-5
灯红酒绿	0	1	0.0	7.024445068839562E-5
孤	3	3	2.1073335206518685E-4	2.1073335206518685E-4
调皮	1	0	7.024445068839562E-5	0.0
阴	32	18	0.00224782242202866	0.001264400112391121
阳	90	330	0.006322000561955606	0.023180668727170554
差劲	47	6	0.003301489182354594	4.214667041303737E-4
没用	25	8	0.0017561112672098904	5.61955605507165E-4
安	443	933	0.03111829165495926	0.06553807249227311
宏	4	8	2.809778027535825E-4	5.61955605507165E-4
完	303	323	0.021284068558583873	0.022688957572351783
宁	69	82	0.004846867097499297	0.00576004495644844
雄	4	6	2.809778027535825E-4	4.214667041303737E-4
雅	11	105	7.726889575723518E-4	0.00737566732228154
说好话	1	0	7.024445068839562E-5	0.0
定	966	1222	0.06785613936499016	0.08583871874121944
实	838	1127	0.058864849676875525	0.07916549592582187
宝	84	188	0.005900533857825232	0.013205956729418376
宜	175	363	0.012292778870469232	0.02549873559988761
尊贵	4	3	2.809778027535825E-4	2.1073335206518685E-4
铁定	2	1	1.4048890137679124E-4	7.024445068839562E-5
宠	0	2	0.0	1.4048890137679124E-4
无用	4	0	2.809778027535825E-4	0.0
坚决	28	9	0.001966844619275077	6.322000561955605E-4
灰色	5	3	3.5122225344197806E-4	2.1073335206518685E-4
容	128	212	0.00899128968811464	0.01489182354593987
急切	1	0	7.024445068839562E-5	0.0
不适应	1	6	7.024445068839562E-5	4.214667041303737E-4
宽	164	528	0.01152008991289688	0.03708906996347289
害	71	71	0.004987355998876089	0.004987355998876089
零	36	22	0.002528800224782242	0.0015453779151447036
富	29	321	0.0020370890699634727	0.022548468670974993
守时间	2	0	1.4048890137679124E-4	0.0
密	38	34	0.0026692891261590333	0.002388311323405451
高超	1	0	7.024445068839562E-5	0.0
隆	16	14	0.00112391121101433	9.834223096375386E-4
寂	0	2	0.0	1.4048890137679124E-4
一本正经	0	1	0.0	7.024445068839562E-5
公道	7	47	4.917111548187693E-4	0.003301489182354594
滋润	0	1	0.0	7.024445068839562E-5
隐	14	23	9.834223096375386E-4	0.0016156223658330992
寒	23	22	0.0016156223658330992	0.0015453779151447036
胆战心惊	1	0	7.024445068839562E-5	0.0
要不得	0	1	0.0	7.024445068839562E-5
寥	2	0	1.4048890137679124E-4	0.0
寡	1	0	7.024445068839562E-5	0.0
难	333	302	0.02339140207923574	0.021213824107895476
不稳定	7	9	4.917111548187693E-4	6.322000561955605E-4
刺眼	1	1	7.024445068839562E-5	7.024445068839562E-5
对	1212	1849	0.0851362742343355	0.1298819893228435
经心	4	0	2.809778027535825E-4	0.0
难闻	20	9	0.0014048890137679123	6.322000561955605E-4
静	91	616	0.006392245012644001	0.0432705816240517
非	834	1943	0.058583871874121944	0.1364849676875527
威	11	61	7.726889575723518E-4	0.0042849114919921326
铁杆儿	1	0	7.024445068839562E-5	0.0
合理	37	192	0.0025990446754706378	0.013486934532171958
娇	0	3	0.0	2.1073335206518685E-4
两面三刀	1	0	7.024445068839562E-5	0.0
妥当	1	4	7.024445068839562E-5	2.809778027535825E-4
差可	1	1	7.024445068839562E-5	7.024445068839562E-5
低价位	0	2	0.0	1.4048890137679124E-4
寂静	0	2	0.0	1.4048890137679124E-4
有礼貌	9	58	6.322000561955605E-4	0.004074178139926945
偏激	1	0	7.024445068839562E-5	0.0
红旗	0	5	0.0	3.5122225344197806E-4
爱上	0	4	0.0	2.809778027535825E-4
悲剧	1	0	7.024445068839562E-5	0.0
震	22	32	0.0015453779151447036	0.00224782242202866
幽雅	0	22	0.0	0.0015453779151447036
需	242	449	0.01699915706659174	0.031539758359089634
不巧	0	4	0.0	2.809778027535825E-4
婉	3	5	2.1073335206518685E-4	3.5122225344197806E-4
婷	0	2	0.0	1.4048890137679124E-4
金玉	1	2	7.024445068839562E-5	1.4048890137679124E-4
有义务	8	0	5.61955605507165E-4	0.0
怒斥	1	0	7.024445068839562E-5	0.0
随遇而安	0	1	0.0	7.024445068839562E-5
清澈见底	0	1	0.0	7.024445068839562E-5
鄙视	10	4	7.024445068839561E-4	2.809778027535825E-4
粗心	1	3	7.024445068839562E-5	2.1073335206518685E-4
叫真	0	1	0.0	7.024445068839562E-5
德性	0	1	0.0	7.024445068839562E-5
惊人	4	2	2.809778027535825E-4	1.4048890137679124E-4
没关系	3	9	2.1073335206518685E-4	6.322000561955605E-4
寒心	3	1	2.1073335206518685E-4	7.024445068839562E-5
委婉	1	0	7.024445068839562E-5	0.0
忠实	8	2	5.61955605507165E-4	1.4048890137679124E-4
一律	3	4	2.1073335206518685E-4	2.809778027535825E-4
拾金不昧	0	2	0.0	1.4048890137679124E-4
郑重	1	0	7.024445068839562E-5	0.0
韶	0	3	0.0	2.1073335206518685E-4
均匀	0	1	0.0	7.024445068839562E-5
嫌	15	28	0.0010536667603259344	0.001966844619275077
无理	5	2	3.5122225344197806E-4	1.4048890137679124E-4
照旧	2	0	1.4048890137679124E-4	0.0
悲凉	1	0	7.024445068839562E-5	0.0
一心	0	2	0.0	1.4048890137679124E-4
平静	1	0	7.024445068839562E-5	0.0
嫩	1	3	7.024445068839562E-5	2.1073335206518685E-4
平实	0	1	0.0	7.024445068839562E-5
暴	4	16	2.809778027535825E-4	0.00112391121101433
热火	1	0	7.024445068839562E-5	0.0
乱成一团	2	0	1.4048890137679124E-4	0.0
暗	91	50	0.006392245012644001	0.0035122225344197807
曼	6	11	4.214667041303737E-4	7.726889575723518E-4
低等	0	1	0.0	7.024445068839562E-5
溢美	1	0	7.024445068839562E-5	0.0
黑灯瞎火	5	0	3.5122225344197806E-4	0.0
地动山摇	1	0	7.024445068839562E-5	0.0
热点	2	0	1.4048890137679124E-4	0.0
热烈	1	0	7.024445068839562E-5	0.0
可爱	5	13	3.5122225344197806E-4	9.13177858949143E-4
伟大	1	0	7.024445068839562E-5	0.0
昭	1	2	7.024445068839562E-5	1.4048890137679124E-4
是	8639	14236	0.6068418094970497	1.0
低劣	5	0	3.5122225344197806E-4	0.0
绝望	5	0	3.5122225344197806E-4	0.0
显	142	326	0.009974711997752178	0.02289969092441697
单薄	1	1	7.024445068839562E-5	7.024445068839562E-5
安稳	2	0	1.4048890137679124E-4	0.0
明	586	488	0.04116324810339983	0.03427929193593706
昏	39	20	0.002739533576847429	0.0014048890137679123
昌	17	49	0.0011941556617027255	0.003441978083731385
着急	4	5	2.809778027535825E-4	3.5122225344197806E-4
佳丽	1	0	7.024445068839562E-5	0.0
低端	0	2	0.0	1.4048890137679124E-4
易	62	136	0.0043551559426805286	0.009553245293621804
晦	4	0	2.809778027535825E-4	0.0
滑稽	2	7	1.4048890137679124E-4	4.917111548187693E-4
一等	0	3	0.0	2.1073335206518685E-4
山清水秀	0	3	0.0	2.1073335206518685E-4
智	6	5	4.214667041303737E-4	3.5122225344197806E-4
晶	18	73	0.001264400112391121	0.00512784490025288
晰	15	11	0.0010536667603259344	7.726889575723518E-4
铁心	0	2	0.0	1.4048890137679124E-4
平安	16	3	0.00112391121101433	2.1073335206518685E-4
依然	37	22	0.0025990446754706378	0.0015453779151447036
憋气	1	0	7.024445068839562E-5	0.0
希望	249	394	0.017490868221410508	0.02767631357122787
优胜	1	0	7.024445068839562E-5	0.0
枯	1	3	7.024445068839562E-5	2.1073335206518685E-4
天真	0	2	0.0	1.4048890137679124E-4
留心	1	0	7.024445068839562E-5	0.0
果	926	1431	0.06504636133745434	0.10051980893509413
头痛	4	2	2.809778027535825E-4	1.4048890137679124E-4
枉	4	8	2.809778027535825E-4	5.61955605507165E-4
杂草丛生	1	0	7.024445068839562E-5	0.0
鞠躬	1	2	7.024445068839562E-5	1.4048890137679124E-4
有点旧	10	78	7.024445068839561E-4	0.005479067153694858
柔	3	32	2.1073335206518685E-4	0.00224782242202866
维护	10	31	7.024445068839561E-4	0.0021775779713402643
节省	2	8	1.4048890137679124E-4	5.61955605507165E-4
清醒	0	2	0.0	1.4048890137679124E-4
不合格	3	2	2.1073335206518685E-4	1.4048890137679124E-4
朴	3	30	2.1073335206518685E-4	0.0021073335206518687
木	33	149	0.0023180668727170554	0.010466423152570946
望	510	559	0.035824669851081764	0.03926664793481315
期	228	502	0.0160157347569542	0.0352627142455746
朗	0	16	0.0	0.00112391121101433
黄色	21	6	0.001475133464456308	4.214667041303737E-4
板	147	139	0.010325934251194156	0.009763978645686991
松	23	61	0.0016156223658330992	0.0042849114919921326
杰	1	2	7.024445068839562E-5	1.4048890137679124E-4
满心欢喜	0	5	0.0	3.5122225344197806E-4
美滋滋	0	3	0.0	2.1073335206518685E-4
着想	4	15	2.809778027535825E-4	0.0010536667603259344
便民	0	1	0.0	7.024445068839562E-5
无表情	11	2	7.726889575723518E-4	1.4048890137679124E-4
杂	76	74	0.005338578252318067	0.0051980893509412755
冷清	6	22	4.214667041303737E-4	0.0015453779151447036
摆好	1	0	7.024445068839562E-5	0.0
小心眼	1	1	7.024445068839562E-5	7.024445068839562E-5
冷淡	20	10	0.0014048890137679123	7.024445068839561E-4
实用	2	36	1.4048890137679124E-4	0.002528800224782242
私下	2	0	1.4048890137679124E-4	0.0
端方	0	2	0.0	1.4048890137679124E-4
秀丽	0	2	0.0	1.4048890137679124E-4
变相	7	1	4.917111548187693E-4	7.024445068839562E-5
受看	2	0	1.4048890137679124E-4	0.0
留意	5	5	3.5122225344197806E-4	3.5122225344197806E-4
愧疚	0	1	0.0	7.024445068839562E-5
薄弱	0	2	0.0	1.4048890137679124E-4
了不得	0	1	0.0	7.024445068839562E-5
荣幸	1	4	7.024445068839562E-5	2.809778027535825E-4
特级	1	0	7.024445068839562E-5	0.0
有求必应	1	10	7.024445068839562E-5	7.024445068839561E-4
团结	1	1	7.024445068839562E-5	7.024445068839562E-5
烦琐	2	0	1.4048890137679124E-4	0.0
豪华	156	412	0.010958134307389716	0.028940713683618995
引人入胜	0	1	0.0	7.024445068839562E-5
不清洁	2	0	1.4048890137679124E-4	0.0
采纳	3	5	2.1073335206518685E-4	3.5122225344197806E-4
俗气	1	1	7.024445068839562E-5	7.024445068839562E-5
琳琅满目	0	2	0.0	1.4048890137679124E-4
实实在在	0	1	0.0	7.024445068839562E-5
令人满意	7	28	4.917111548187693E-4	0.001966844619275077
尽如人意	3	6	2.1073335206518685E-4	4.214667041303737E-4
货真价实	0	4	0.0	2.809778027535825E-4
廉价	9	4	6.322000561955605E-4	2.809778027535825E-4
最主要	5	11	3.5122225344197806E-4	7.726889575723518E-4
大跌眼镜	8	0	5.61955605507165E-4	0.0
斗	18	16	0.001264400112391121	0.00112391121101433
斐	0	3	0.0	2.1073335206518685E-4
斜	11	34	7.726889575723518E-4	0.002388311323405451
丰盛	2	85	1.4048890137679124E-4	0.005970778308513627
自认	1	3	7.024445068839562E-5	2.1073335206518685E-4
伸缩	0	1	0.0	7.024445068839562E-5
美丽	4	42	2.809778027535825E-4	0.002950266928912616
新	296	835	0.020792357403765102	0.05865411632481034
斥	7	2	4.917111548187693E-4	1.4048890137679124E-4
偏颇	2	0	1.4048890137679124E-4	0.0
遗憾	23	121	0.0016156223658330992	0.00849957853329587
懒得	20	9	0.0014048890137679123	6.322000561955605E-4
非正常	1	2	7.024445068839562E-5	1.4048890137679124E-4
作势	0	2	0.0	1.4048890137679124E-4
零星	4	1	2.809778027535825E-4	7.024445068839562E-5
入眼	2	3	1.4048890137679124E-4	2.1073335206518685E-4
旺	13	53	9.13177858949143E-4	0.0037229558864849675
无害	0	4	0.0	2.809778027535825E-4
旧	571	668	0.040109581343073894	0.04692329305984827
不等	6	4	4.214667041303737E-4	2.809778027535825E-4
楚楚	9	6	6.322000561955605E-4	4.214667041303737E-4
深切	2	1	1.4048890137679124E-4	7.024445068839562E-5
窝火	2	0	1.4048890137679124E-4	0.0
优良	0	5	0.0	3.5122225344197806E-4
名牌	0	5	0.0	3.5122225344197806E-4
露骨	0	1	0.0	7.024445068839562E-5
上等	1	3	7.024445068839562E-5	2.1073335206518685E-4
中看	1	0	7.024445068839562E-5	0.0
文明	6	5	4.214667041303737E-4	3.5122225344197806E-4
来火	0	1	0.0	7.024445068839562E-5
敏	9	21	6.322000561955605E-4	0.001475133464456308
衣衫不整	1	0	7.024445068839562E-5	0.0
深刻	10	41	7.024445068839561E-4	0.00288002247822422
大摇大摆	1	0	7.024445068839562E-5	0.0
看不起	0	1	0.0	7.024445068839562E-5
硬生生	1	0	7.024445068839562E-5	0.0
整	333	757	0.02339140207923574	0.053175049171115485
敬	56	100	0.003933689238550154	0.0070244450688395615
敢	151	65	0.010606912053947738	0.004565889294745715
散	36	117	0.002528800224782242	0.008218600730542288
敦	4	29	2.809778027535825E-4	0.0020370890699634727
拥	9	38	6.322000561955605E-4	0.0026692891261590333
地下	28	40	0.001966844619275077	0.0028097780275358245
诚挚	16	14	0.00112391121101433	9.834223096375386E-4
嚣张	2	0	1.4048890137679124E-4	0.0
属实	0	1	0.0	7.024445068839562E-5
尽心	1	4	7.024445068839562E-5	2.809778027535825E-4
拜	14	18	9.834223096375386E-4	0.001264400112391121
拘	0	2	0.0	1.4048890137679124E-4
拙	2	3	1.4048890137679124E-4	2.1073335206518685E-4
抠	3	5	2.1073335206518685E-4	3.5122225344197806E-4
投诉	153	28	0.010747400955324529	0.001966844619275077
景色优美	0	5	0.0	3.5122225344197806E-4
现实	4	1	2.809778027535825E-4	7.024445068839562E-5
震惊	8	0	5.61955605507165E-4	0.0
抗议	10	2	7.024445068839561E-4	1.4048890137679124E-4
抓	11	13	7.726889575723518E-4	9.13177858949143E-4
失礼	1	1	7.024445068839562E-5	7.024445068839562E-5
明媚	0	2	0.0	1.4048890137679124E-4
承	98	35	0.00688395616746277	0.0024585557740938466
批	31	28	0.0021775779713402643	0.001966844619275077
英明	1	1	7.024445068839562E-5	7.024445068839562E-5
缺德	1	0	7.024445068839562E-5	0.0
低价	6	7	4.214667041303737E-4	4.917111548187693E-4
旧式	1	0	7.024445068839562E-5	0.0
整洁	16	185	0.00112391121101433	0.012995223377353189
散漫	1	1	7.024445068839562E-5	7.024445068839562E-5
戆	0	2	0.0	1.4048890137679124E-4
成	267	331	0.01875526833380163	0.023250913177858948
革命	0	2	0.0	1.4048890137679124E-4
在乎	10	6	7.024445068839561E-4	4.214667041303737E-4
孤立	0	1	0.0	7.024445068839562E-5
不负责任	13	0	9.13177858949143E-4	0.0
别扭	5	3	3.5122225344197806E-4	2.1073335206518685E-4
有目共睹	0	2	0.0	1.4048890137679124E-4
要死要活	1	0	7.024445068839562E-5	0.0
毛骨悚然	3	2	2.1073335206518685E-4	1.4048890137679124E-4
冷漠	9	8	6.322000561955605E-4	5.61955605507165E-4
晃晃悠悠	2	0	1.4048890137679124E-4	0.0
混合	1	2	7.024445068839562E-5	1.4048890137679124E-4
批准	1	1	7.024445068839562E-5	7.024445068839562E-5
有礼	11	86	7.726889575723518E-4	0.006041022759202023
不卑不亢	2	0	1.4048890137679124E-4	0.0
推	285	569	0.02001966844619275	0.03996909244169711
杂牌	0	1	0.0	7.024445068839562E-5
不甘	3	1	2.1073335206518685E-4	7.024445068839562E-5
乌涂	0	1	0.0	7.024445068839562E-5
捷	58	61	0.004074178139926945	0.0042849114919921326
清净	4	9	2.809778027535825E-4	6.322000561955605E-4
分明	2	0	1.4048890137679124E-4	0.0
清冷	1	0	7.024445068839562E-5	0.0
狠狠	1	0	7.024445068839562E-5	0.0
无愧	2	5	1.4048890137679124E-4	3.5122225344197806E-4
善良	0	2	0.0	1.4048890137679124E-4
期盼	2	17	1.4048890137679124E-4	0.0011941556617027255
像话	2	0	1.4048890137679124E-4	0.0
损	44	14	0.0030907558302894073	9.834223096375386E-4
时髦	0	2	0.0	1.4048890137679124E-4
尊敬	48	78	0.0033717336330429896	0.005479067153694858
美味	3	12	2.1073335206518685E-4	8.429334082607474E-4
死气沉沉	1	0	7.024445068839562E-5	0.0
哈喇	1	0	7.024445068839562E-5	0.0
有福	1	0	7.024445068839562E-5	0.0
安生	1	2	7.024445068839562E-5	1.4048890137679124E-4
低下	4	1	2.809778027535825E-4	7.024445068839562E-5
合法	2	0	1.4048890137679124E-4	0.0
挤	20	55	0.0014048890137679123	0.003863444787861759
挚	19	16	0.0013346445630795167	0.00112391121101433
若隐若现	0	2	0.0	1.4048890137679124E-4
挂	139	110	0.009763978645686991	0.007726889575723518
无意	1	12	7.024445068839562E-5	8.429334082607474E-4
内疚	2	0	1.4048890137679124E-4	0.0
有种	11	15	7.726889575723518E-4	0.0010536667603259344
惊	50	103	0.0035122225344197807	0.007235178420904749
时尚	9	24	6.322000561955605E-4	0.0016858668165214948
自行	17	24	0.0011941556617027255	0.0016858668165214948
传统	3	8	2.1073335206518685E-4	5.61955605507165E-4
惜	32	107	0.00224782242202866	0.007516156223658331
惕	0	5	0.0	3.5122225344197806E-4
惨	19	21	0.0013346445630795167	0.001475133464456308
惭	0	2	0.0	1.4048890137679124E-4
惬	0	49	0.0	0.003441978083731385
不堪入耳	1	0	7.024445068839562E-5	0.0
惮	1	0	7.024445068839562E-5	0.0
顺畅	2	3	1.4048890137679124E-4	2.1073335206518685E-4
惧	0	1	0.0	7.024445068839562E-5
惦	1	0	7.024445068839562E-5	0.0
不清楚	36	13	0.002528800224782242	9.13177858949143E-4
惰	1	1	7.024445068839562E-5	7.024445068839562E-5
想	675	792	0.047415004214667045	0.05563360494520933
惶	1	0	7.024445068839562E-5	0.0
悍	1	0	7.024445068839562E-5	0.0
悄	4	10	2.809778027535825E-4	7.024445068839561E-4
悔	41	11	0.00288002247822422	7.726889575723518E-4
介意	4	1	2.809778027535825E-4	7.024445068839562E-5
悬	3	11	2.1073335206518685E-4	7.726889575723518E-4
悦	44	74	0.0030907558302894073	0.0051980893509412755
患	7	6	4.917111548187693E-4	4.214667041303737E-4
仇视	1	0	7.024445068839562E-5	0.0
悲	11	0	7.726889575723518E-4	0.0
恋	2	4	1.4048890137679124E-4	2.809778027535825E-4
恒	2	14	1.4048890137679124E-4	9.834223096375386E-4
恐	63	40	0.004425400393368924	0.0028097780275358245
恕	3	1	2.1073335206518685E-4	7.024445068839562E-5
恨	6	1	4.214667041303737E-4	7.024445068839562E-5
恬	0	6	0.0	4.214667041303737E-4
恭	46	43	0.0032312447316661984	0.0030205113796010117
坑洼	3	5	2.1073335206518685E-4	3.5122225344197806E-4
恰	5	18	3.5122225344197806E-4	0.001264400112391121
偏好	0	4	0.0	2.809778027535825E-4
恳	18	13	0.001264400112391121	9.13177858949143E-4
恶	177	20	0.012433267771846024	0.0014048890137679123
懒散	2	2	1.4048890137679124E-4	1.4048890137679124E-4
陌生	4	1	2.809778027535825E-4	7.024445068839562E-5
恼	16	5	0.00112391121101433	3.5122225344197806E-4
怄	0	1	0.0	7.024445068839562E-5
葱葱	0	3	0.0	2.1073335206518685E-4
怀	64	32	0.00449564484405732	0.00224782242202866
活泼	0	2	0.0	1.4048890137679124E-4
优美	2	46	1.4048890137679124E-4	0.0032312447316661984
怖	48	9	0.0033717336330429896	6.322000561955605E-4
怕	95	76	0.006673222815397584	0.005338578252318067
怒	23	4	0.0016156223658330992	2.809778027535825E-4
思	109	86	0.007656645125035122	0.006041022759202023
怜	51	16	0.0035824669851081763	0.00112391121101433
鲜美	0	7	0.0	4.917111548187693E-4
急	50	71	0.0035122225344197807	0.004987355998876089
狼狈	1	2	7.024445068839562E-5	1.4048890137679124E-4
怨	15	11	0.0010536667603259344	7.726889575723518E-4
回头	6	6	4.214667041303737E-4	4.214667041303737E-4
怪	127	134	0.008921045237426243	0.009412756392245012
谢天谢地	0	1	0.0	7.024445068839562E-5
没礼貌	3	0	2.1073335206518685E-4	0.0
堂堂	7	1	4.917111548187693E-4	7.024445068839562E-5
懒	35	41	0.0024585557740938466	0.00288002247822422
扫兴	2	6	1.4048890137679124E-4	4.214667041303737E-4
一清二楚	9	5	6.322000561955605E-4	3.5122225344197806E-4
懵	3	0	2.1073335206518685E-4	0.0
有名无实	1	0	7.024445068839562E-5	0.0
和平	2	4	1.4048890137679124E-4	2.809778027535825E-4
良莠不齐	0	3	0.0	2.1073335206518685E-4
斯文	0	1	0.0	7.024445068839562E-5
憎	1	0	7.024445068839562E-5	0.0
偷工减料	2	0	1.4048890137679124E-4	0.0
刻意	0	2	0.0	1.4048890137679124E-4
憋	5	4	3.5122225344197806E-4	2.809778027535825E-4
憾	23	143	0.0016156223658330992	0.010044956448440574
陶然	0	1	0.0	7.024445068839562E-5
憨	2	2	1.4048890137679124E-4	1.4048890137679124E-4
均一	0	2	0.0	1.4048890137679124E-4
来气	2	0	1.4048890137679124E-4	0.0
答应	41	18	0.00288002247822422	0.001264400112391121
慕	2	7	1.4048890137679124E-4	4.917111548187693E-4
慈	2	2	1.4048890137679124E-4	1.4048890137679124E-4
慎	27	8	0.0018966001685866817	5.61955605507165E-4
果断	1	0	7.024445068839562E-5	0.0
低俗	1	0	7.024445068839562E-5	0.0
依依不舍	0	1	0.0	7.024445068839562E-5
慨	2	8	1.4048890137679124E-4	5.61955605507165E-4
愕	3	1	2.1073335206518685E-4	7.024445068839562E-5
感	1000	2959	0.07024445068839562	0.20785332958696262
上相	1	0	7.024445068839562E-5	0.0
愚	7	2	4.917111548187693E-4	1.4048890137679124E-4
呆板	2	0	1.4048890137679124E-4	0.0
愁	2	5	1.4048890137679124E-4	3.5122225344197806E-4
愉	55	61	0.003863444787861759	0.0042849114919921326
死板	1	2	7.024445068839562E-5	1.4048890137679124E-4
愿	79	70	0.005549311604383254	0.004917111548187693
愧	11	34	7.726889575723518E-4	0.002388311323405451
愤	82	19	0.00576004495644844	0.0013346445630795167
愣	14	2	9.834223096375386E-4	1.4048890137679124E-4
透明	19	26	0.0013346445630795167	0.001826355717898286
渺	0	1	0.0	7.024445068839562E-5
苍白	1	0	7.024445068839562E-5	0.0
喜爱	0	4	0.0	2.809778027535825E-4
美妙	0	2	0.0	1.4048890137679124E-4
知名	5	9	3.5122225344197806E-4	6.322000561955605E-4
飞快	1	5	7.024445068839562E-5	3.5122225344197806E-4
较真	0	1	0.0	7.024445068839562E-5
二手	2	4	1.4048890137679124E-4	2.809778027535825E-4
基本	150	250	0.010536667603259343	0.017561112672098905
清	317	492	0.02226749086822141	0.03456026973869064
人来人往	3	2	2.1073335206518685E-4	1.4048890137679124E-4
暗下	0	2	0.0	1.4048890137679124E-4
埋汰	0	1	0.0	7.024445068839562E-5
疏忽	7	2	4.917111548187693E-4	1.4048890137679124E-4
朦胧	2	0	1.4048890137679124E-4	0.0
倾斜	1	1	7.024445068839562E-5	7.024445068839562E-5
暗中	2	0	1.4048890137679124E-4	0.0
湛	0	8	0.0	5.61955605507165E-4
著称	3	2	2.1073335206518685E-4	1.4048890137679124E-4
事实上	5	8	3.5122225344197806E-4	5.61955605507165E-4
半透明	1	1	7.024445068839562E-5	7.024445068839562E-5
刺鼻	11	2	7.726889575723518E-4	1.4048890137679124E-4
龌龊	2	2	1.4048890137679124E-4	1.4048890137679124E-4
有眼力	0	1	0.0	7.024445068839562E-5
溜	4	7	2.809778027535825E-4	4.917111548187693E-4
孤陋寡闻	1	0	7.024445068839562E-5	0.0
黑洞洞	2	2	1.4048890137679124E-4	1.4048890137679124E-4
讲理	1	0	7.024445068839562E-5	0.0
滥	3	5	2.1073335206518685E-4	3.5122225344197806E-4
不爽	62	50	0.0043551559426805286	0.0035122225344197807
满	316	920	0.022197246417533015	0.06462489463332396
滑	22	33	0.0015453779151447036	0.0023180668727170554
滞	0	5	0.0	3.5122225344197806E-4
真正	22	49	0.0015453779151447036	0.003441978083731385
漫	34	39	0.002388311323405451	0.002739533576847429
感激	4	6	2.809778027535825E-4	4.214667041303737E-4
漠	9	9	6.322000561955605E-4	6.322000561955605E-4
进步	4	18	2.809778027535825E-4	0.001264400112391121
单纯	0	5	0.0	3.5122225344197806E-4
节约	8	8	5.61955605507165E-4	5.61955605507165E-4
不大不小	0	2	0.0	1.4048890137679124E-4
潮	57	71	0.00400393368923855	0.004987355998876089
愕然	1	1	7.024445068839562E-5	7.024445068839562E-5
祥和	0	3	0.0	2.1073335206518685E-4
抠门儿	0	1	0.0	7.024445068839562E-5
野蛮	2	2	1.4048890137679124E-4	1.4048890137679124E-4
无故	4	1	2.809778027535825E-4	7.024445068839562E-5
疑惑	2	1	1.4048890137679124E-4	7.024445068839562E-5
无效	3	1	2.1073335206518685E-4	7.024445068839562E-5
潜	0	10	0.0	7.024445068839561E-4
明快	0	3	0.0	2.1073335206518685E-4
尴尬	12	10	8.429334082607474E-4	7.024445068839561E-4
澄	0	4	0.0	2.809778027535825E-4
澈	1	6	7.024445068839562E-5	4.214667041303737E-4
冷冷清清	1	5	7.024445068839562E-5	3.5122225344197806E-4
认真	16	14	0.00112391121101433	9.834223096375386E-4
盈盈	0	2	0.0	1.4048890137679124E-4
手软	1	0	7.024445068839562E-5	0.0
好用	20	29	0.0014048890137679123	0.0020370890699634727
从重	2	0	1.4048890137679124E-4	0.0
合格	4	9	2.809778027535825E-4	6.322000561955605E-4
清香	0	2	0.0	1.4048890137679124E-4
气	573	581	0.04025007024445069	0.040812025849957856
赫然	1	0	7.024445068839562E-5	0.0
年久失修	2	1	1.4048890137679124E-4	7.024445068839562E-5
孤零零	1	0	7.024445068839562E-5	0.0
嘈杂	20	23	0.0014048890137679123	0.0016156223658330992
有个性	0	3	0.0	2.1073335206518685E-4
头等	0	1	0.0	7.024445068839562E-5
私自	1	0	7.024445068839562E-5	0.0
惨痛	2	0	1.4048890137679124E-4	0.0
该死	0	4	0.0	2.809778027535825E-4
有勇气	1	0	7.024445068839562E-5	0.0
发火	8	0	5.61955605507165E-4	0.0
恰如其分	0	2	0.0	1.4048890137679124E-4
小心	47	37	0.003301489182354594	0.0025990446754706378
污	68	19	0.004776622646810902	0.0013346445630795167
高级	46	92	0.0032312447316661984	0.006462489463332397
歪歪扭扭	1	0	7.024445068839562E-5	0.0
均等	1	0	7.024445068839562E-5	0.0
灵光	0	1	0.0	7.024445068839562E-5
朴素	1	3	7.024445068839562E-5	2.1073335206518685E-4
沃	0	3	0.0	2.1073335206518685E-4
干净	212	993	0.01489182354593987	0.06975273953357684
照实	1	0	7.024445068839562E-5	0.0
鸟语花香	0	7	0.0	4.917111548187693E-4
油	64	95	0.00449564484405732	0.006673222815397584
可圈可点	2	0	1.4048890137679124E-4	0.0
温和	2	6	1.4048890137679124E-4	4.214667041303737E-4
沮	2	0	1.4048890137679124E-4	0.0
入耳	5	1	3.5122225344197806E-4	7.024445068839562E-5
泛	10	14	7.024445068839561E-4	9.834223096375386E-4
过气	1	0	7.024445068839562E-5	0.0
油腻	1	0	7.024445068839562E-5	0.0
泰	81	59	0.005689800505760045	0.004144422590615341
有条不紊	2	2	1.4048890137679124E-4	1.4048890137679124E-4
霸道	2	1	1.4048890137679124E-4	7.024445068839562E-5
不合理	23	20	0.0016156223658330992	0.0014048890137679123
泼	0	2	0.0	1.4048890137679124E-4
非议	1	0	7.024445068839562E-5	0.0
华美	10	13	7.024445068839561E-4	9.13177858949143E-4
注	147	192	0.010325934251194156	0.013486934532171958
一无是处	6	0	4.214667041303737E-4	0.0
澄清	0	2	0.0	1.4048890137679124E-4
洁	78	316	0.005479067153694858	0.022197246417533015
没说的	1	4	7.024445068839562E-5	2.809778027535825E-4
端庄	0	4	0.0	2.809778027535825E-4
洪	0	9	0.0	6.322000561955605E-4
甜点	1	0	7.024445068839562E-5	0.0
活	55	128	0.003863444787861759	0.00899128968811464
浑浊	1	0	7.024445068839562E-5	0.0
浊	2	0	1.4048890137679124E-4	0.0
客气	12	27	8.429334082607474E-4	0.0018966001685866817
济	101	148	0.0070946895195279575	0.010396178701882551
不会弄错	2	0	1.4048890137679124E-4	0.0
浅	3	9	2.1073335206518685E-4	6.322000561955605E-4
富有	0	1	0.0	7.024445068839562E-5
浑	7	3	4.917111548187693E-4	2.1073335206518685E-4
浪	33	97	0.0023180668727170554	0.006813711716774375
武断	0	2	0.0	1.4048890137679124E-4
浩	4	8	2.809778027535825E-4	5.61955605507165E-4
浮	0	16	0.0	0.00112391121101433
依稀	1	1	7.024445068839562E-5	7.024445068839562E-5
好玩	0	16	0.0	0.00112391121101433
空落落	0	4	0.0	2.809778027535825E-4
稀松平常	2	0	1.4048890137679124E-4	0.0
似乎	25	94	0.0017561112672098904	0.006602978364709188
润	1	8	7.024445068839562E-5	5.61955605507165E-4
涩	4	2	2.809778027535825E-4	1.4048890137679124E-4
熙和	0	1	0.0	7.024445068839562E-5
经济	83	89	0.005830289407136836	0.00625175611126721
小有名气	0	2	0.0	1.4048890137679124E-4
不像话	2	0	1.4048890137679124E-4	0.0
淑	2	4	1.4048890137679124E-4	2.809778027535825E-4
消极	1	2	7.024445068839562E-5	1.4048890137679124E-4
至上	1	7	7.024445068839562E-5	4.917111548187693E-4
淘	8	1	5.61955605507165E-4	7.024445068839562E-5
淡	38	83	0.0026692891261590333	0.005830289407136836
淫	0	1	0.0	7.024445068839562E-5
淳	1	5	7.024445068839562E-5	3.5122225344197806E-4
孤独	0	2	0.0	1.4048890137679124E-4
深	118	217	0.008288845181230683	0.015243045799381849
混	40	19	0.0028097780275358245	0.0013346445630795167
名过其实	0	2	0.0	1.4048890137679124E-4
低级	6	0	4.214667041303737E-4	0.0
平易近人	0	3	0.0	2.1073335206518685E-4
自动	32	32	0.00224782242202866	0.00224782242202866
谨慎	1	1	7.024445068839562E-5	7.024445068839562E-5
有能力	2	0	1.4048890137679124E-4	0.0
正当	0	2	0.0	1.4048890137679124E-4
横	22	14	0.0015453779151447036	9.834223096375386E-4
壮观	2	3	1.4048890137679124E-4	2.1073335206518685E-4
回味无穷	0	2	0.0	1.4048890137679124E-4
清静	3	20	2.1073335206518685E-4	0.0014048890137679123
蛮横	10	0	7.024445068839561E-4	0.0
专注	0	2	0.0	1.4048890137679124E-4
理直气壮	11	1	7.726889575723518E-4	7.024445068839562E-5
阴阳怪气	0	1	0.0	7.024445068839562E-5
安安静静	0	1	0.0	7.024445068839562E-5
了当	7	0	4.917111548187693E-4	0.0
令人发指	2	0	1.4048890137679124E-4	0.0
宽松	0	7	0.0	4.917111548187693E-4
兴高采烈	0	2	0.0	1.4048890137679124E-4
不言而喻	2	0	1.4048890137679124E-4	0.0
等外	0	2	0.0	1.4048890137679124E-4
清雅	1	2	7.024445068839562E-5	1.4048890137679124E-4
武	21	69	0.001475133464456308	0.004846867097499297
正	358	499	0.025147513346445632	0.035051980893509416
歪	9	2	6.322000561955605E-4	1.4048890137679124E-4
管事	0	1	0.0	7.024445068839562E-5
死	155	52	0.01088788985670132	0.003652711435796572
歹	1	5	7.024445068839562E-5	3.5122225344197806E-4
康乐	3	9	2.1073335206518685E-4	6.322000561955605E-4
上流	0	1	0.0	7.024445068839562E-5
不明显	5	9	3.5122225344197806E-4	6.322000561955605E-4
不法	1	0	7.024445068839562E-5	0.0
车水马龙	3	0	2.1073335206518685E-4	0.0
欢	111	502	0.007797134026411913	0.0352627142455746
欣	14	42	9.834223096375386E-4	0.002950266928912616
次	1409	2972	0.09897443101994942	0.20876650744591177
全能	1	3	7.024445068839562E-5	2.1073335206518685E-4
漆黑	2	2	1.4048890137679124E-4	1.4048890137679124E-4
非人	1	0	7.024445068839562E-5	0.0
欲	8	15	5.61955605507165E-4	0.0010536667603259344
辉煌	0	5	0.0	3.5122225344197806E-4
自负	2	0	1.4048890137679124E-4	0.0
简陋	80	27	0.005619556055071649	0.0018966001685866817
勤劳	0	2	0.0	1.4048890137679124E-4
致谢	0	2	0.0	1.4048890137679124E-4
马虎	13	12	9.13177858949143E-4	8.429334082607474E-4
毅	2	1	1.4048890137679124E-4	7.024445068839562E-5
不确切	1	0	7.024445068839562E-5	0.0
勤勉	0	1	0.0	7.024445068839562E-5
毛	248	174	0.017420623770722114	0.012222534419780837
水灵灵	0	1	0.0	7.024445068839562E-5
无伤大雅	0	1	0.0	7.024445068839562E-5
毒	35	25	0.0024585557740938466	0.0017561112672098904
坦白	0	2	0.0	1.4048890137679124E-4
下流	1	2	7.024445068839562E-5	1.4048890137679124E-4
不洁	5	0	3.5122225344197806E-4	0.0
不堪设想	4	0	2.809778027535825E-4	0.0
人道	1	0	7.024445068839562E-5	0.0
纯真	0	2	0.0	1.4048890137679124E-4
殷	3	10	2.1073335206518685E-4	7.024445068839561E-4
简单	72	96	0.005057600449564484	0.006743467266085979
残	14	12	9.834223096375386E-4	8.429334082607474E-4
殊	13	21	9.13177858949143E-4	0.001475133464456308
殆	0	1	0.0	7.024445068839562E-5
灿烂	0	4	0.0	2.809778027535825E-4
新潮	0	4	0.0	2.809778027535825E-4
凶猛	0	1	0.0	7.024445068839562E-5
粗心大意	0	2	0.0	1.4048890137679124E-4
合时	0	2	0.0	1.4048890137679124E-4
生死	0	1	0.0	7.024445068839562E-5
乱哄哄	6	4	4.214667041303737E-4	2.809778027535825E-4
目瞪口呆	1	0	7.024445068839562E-5	0.0
亏心	1	0	7.024445068839562E-5	0.0
糊涂	24	4	0.0016858668165214948	2.809778027535825E-4
道地	0	3	0.0	2.1073335206518685E-4
棒	5	98	3.5122225344197806E-4	0.00688395616746277
准确	6	14	4.214667041303737E-4	9.834223096375386E-4
发毛	1	0	7.024445068839562E-5	0.0
生气	26	6	0.001826355717898286	4.214667041303737E-4
饶人	0	1	0.0	7.024445068839562E-5
森	14	29	9.834223096375386E-4	0.0020370890699634727
方正	4	0	2.809778027535825E-4	0.0
坦率	2	0	1.4048890137679124E-4	0.0
高价位	3	0	2.1073335206518685E-4	0.0
和善	3	7	2.1073335206518685E-4	4.917111548187693E-4
大肆	0	2	0.0	1.4048890137679124E-4
容易	43	104	0.0030205113796010117	0.007305422871593144
所谓	117	70	0.008218600730542288	0.004917111548187693
合口味	2	0	1.4048890137679124E-4	0.0
活生生	3	0	2.1073335206518685E-4	0.0
迎来	1	1	7.024445068839562E-5	7.024445068839562E-5
适意	0	2	0.0	1.4048890137679124E-4
平和	2	3	1.4048890137679124E-4	2.1073335206518685E-4
不满	94	60	0.006602978364709188	0.004214667041303737
憧憬	1	0	7.024445068839562E-5	0.0
挤满	1	1	7.024445068839562E-5	7.024445068839562E-5
令人恼火	0	1	0.0	7.024445068839562E-5
自卑	0	1	0.0	7.024445068839562E-5
繁茂	0	1	0.0	7.024445068839562E-5
乐不可支	0	2	0.0	1.4048890137679124E-4
工整	0	2	0.0	1.4048890137679124E-4
大喜过望	0	3	0.0	2.1073335206518685E-4
稀罕	0	1	0.0	7.024445068839562E-5
一气之下	3	0	2.1073335206518685E-4	0.0
红眼	1	0	7.024445068839562E-5	0.0
高等	0	1	0.0	7.024445068839562E-5
形同虚设	7	6	4.917111548187693E-4	4.214667041303737E-4
台面上	1	0	7.024445068839562E-5	0.0
训练有素	0	12	0.0	8.429334082607474E-4
健康	11	32	7.726889575723518E-4	0.00224782242202866
好看	9	9	6.322000561955605E-4	6.322000561955605E-4
不堪入目	2	0	1.4048890137679124E-4	0.0
高端	0	1	0.0	7.024445068839562E-5
好说话	0	1	0.0	7.024445068839562E-5
脏乱差	11	0	7.726889575723518E-4	0.0
昂贵	1	7	7.024445068839562E-5	4.917111548187693E-4
支持	27	119	0.0018966001685866817	0.008359089631919078
看在	1	7	7.024445068839562E-5	4.917111548187693E-4
别有风味	0	3	0.0	2.1073335206518685E-4
臭味	23	7	0.0016156223658330992	4.917111548187693E-4
狠心	0	2	0.0	1.4048890137679124E-4
瞎	6	0	4.214667041303737E-4	0.0
质量差	7	3	4.917111548187693E-4	2.1073335206518685E-4
心醉	0	1	0.0	7.024445068839562E-5
佩服	7	3	4.917111548187693E-4	2.1073335206518685E-4
有派	0	1	0.0	7.024445068839562E-5
柔和	1	4	7.024445068839562E-5	2.809778027535825E-4
热心	4	30	2.809778027535825E-4	0.0021073335206518687
贸然	1	0	7.024445068839562E-5	0.0
高效	0	2	0.0	1.4048890137679124E-4
下酒	7	9	4.917111548187693E-4	6.322000561955605E-4
照本宣科	2	0	1.4048890137679124E-4	0.0
应有	11	18	7.726889575723518E-4	0.001264400112391121
烦恼	4	1	2.809778027535825E-4	7.024445068839562E-5
决定	43	45	0.0030205113796010117	0.003161000280977803
凶巴巴	0	1	0.0	7.024445068839562E-5
等不及	1	0	7.024445068839562E-5	0.0
真	712	798	0.05001404889013768	0.056055071649339705
流畅	0	9	0.0	6.322000561955605E-4
问心无愧	2	0	1.4048890137679124E-4	0.0
适度	1	8	7.024445068839562E-5	5.61955605507165E-4
强制	0	1	0.0	7.024445068839562E-5
和谐	2	8	1.4048890137679124E-4	5.61955605507165E-4
后怕	2	2	1.4048890137679124E-4	1.4048890137679124E-4
喜欢	57	388	0.00400393368923855	0.0272548468670975
推崇	0	4	0.0	2.809778027535825E-4
攘攘	1	0	7.024445068839562E-5	0.0
明明白白	2	0	1.4048890137679124E-4	0.0
及格	2	0	1.4048890137679124E-4	0.0
睿	0	1	0.0	7.024445068839562E-5
高新	1	1	7.024445068839562E-5	7.024445068839562E-5
向往	0	1	0.0	7.024445068839562E-5
睨	1	0	7.024445068839562E-5	0.0
入时	1	4	7.024445068839562E-5	2.809778027535825E-4
井井有条	0	2	0.0	1.4048890137679124E-4
悦目	0	2	0.0	1.4048890137679124E-4
不厌其烦	1	4	7.024445068839562E-5	2.809778027535825E-4
皮	52	36	0.003652711435796572	0.002528800224782242
皱	2	4	1.4048890137679124E-4	2.809778027535825E-4
合当	0	1	0.0	7.024445068839562E-5
象话	8	1	5.61955605507165E-4	7.024445068839562E-5
保准	1	0	7.024445068839562E-5	0.0
否定	3	0	2.1073335206518685E-4	0.0
行之有效	1	0	7.024445068839562E-5	0.0
益	20	8	0.0014048890137679123	5.61955605507165E-4
神气	0	1	0.0	7.024445068839562E-5
热情	49	458	0.003441978083731385	0.032171958415285196
盛	10	104	7.024445068839561E-4	0.007305422871593144
芬芳	0	1	0.0	7.024445068839562E-5
简明	0	1	0.0	7.024445068839562E-5
过时	2	10	1.4048890137679124E-4	7.024445068839561E-4
全新	5	16	3.5122225344197806E-4	0.00112391121101433
直	529	495	0.03715931441416128	0.03477100309075583
倨傲	1	0	7.024445068839562E-5	0.0
简易	2	9	1.4048890137679124E-4	6.322000561955605E-4
盼	2	17	1.4048890137679124E-4	0.0011941556617027255
大失所望	12	1	8.429334082607474E-4	7.024445068839562E-5
纯粹	5	6	3.5122225344197806E-4	4.214667041303737E-4
超标	0	1	0.0	7.024445068839562E-5
光明正大	1	0	7.024445068839562E-5	0.0
差点儿	0	1	0.0	7.024445068839562E-5
瘦	7	15	4.917111548187693E-4	0.0010536667603259344
清幽	0	4	0.0	2.809778027535825E-4
在行	4	4	2.809778027535825E-4	2.809778027535825E-4
明目张胆	1	1	7.024445068839562E-5	7.024445068839562E-5
大而全	0	1	0.0	7.024445068839562E-5
白	181	193	0.012714245574599606	0.013557178982860353
适当	3	6	2.1073335206518685E-4	4.214667041303737E-4
黑咕隆咚	4	0	2.809778027535825E-4	0.0
被动	0	1	0.0	7.024445068839562E-5
疾	0	4	0.0	2.809778027535825E-4
疼	10	7	7.024445068839561E-4	4.917111548187693E-4
心软	2	0	1.4048890137679124E-4	0.0
正经	0	1	0.0	7.024445068839562E-5
失落	0	1	0.0	7.024445068839562E-5
疑	84	56	0.005900533857825232	0.003933689238550154
保险	26	25	0.001826355717898286	0.0017561112672098904
低沉	2	0	1.4048890137679124E-4	0.0
好笑	6	4	4.214667041303737E-4	2.809778027535825E-4
疏	9	6	6.322000561955605E-4	4.214667041303737E-4
痴	1	0	7.024445068839562E-5	0.0
卫生	487	671	0.03420904748524867	0.04713402641191346
过不去	0	1	0.0	7.024445068839562E-5
烧高香	1	0	7.024445068839562E-5	0.0
心有余悸	2	4	1.4048890137679124E-4	2.809778027535825E-4
经用	2	0	1.4048890137679124E-4	0.0
痛	37	18	0.0025990446754706378	0.001264400112391121
自在	0	5	0.0	3.5122225344197806E-4
富丽堂皇	0	4	0.0	2.809778027535825E-4
味道好	2	10	1.4048890137679124E-4	7.024445068839561E-4
显著	6	3	4.214667041303737E-4	2.1073335206518685E-4
古朴	0	9	0.0	6.322000561955605E-4
写意	1	6	7.024445068839562E-5	4.214667041303737E-4
用	1239	1301	0.08703287440292216	0.0913880303456027
小看	2	0	1.4048890137679124E-4	0.0
甜	3	12	2.1073335206518685E-4	8.429334082607474E-4
生	913	1176	0.0641331834785052	0.08260747400955325
甘	13	2	9.13177858949143E-4	1.4048890137679124E-4
合情合理	0	1	0.0	7.024445068839562E-5
方便	309	1671	0.021705535262714244	0.11737847710030908
不可理喻	3	0	2.1073335206518685E-4	0.0
已知	1	0	7.024445068839562E-5	0.0
一文不值	2	0	1.4048890137679124E-4	0.0
闪闪	2	1	1.4048890137679124E-4	7.024445068839562E-5
略	26	118	0.001826355717898286	0.008288845181230683
兢兢业业	2	0	1.4048890137679124E-4	0.0
火爆	0	1	0.0	7.024445068839562E-5
臭骂	0	1	0.0	7.024445068839562E-5
无辜	1	0	7.024445068839562E-5	0.0
精神	13	8	9.13177858949143E-4	5.61955605507165E-4
相宜	0	1	0.0	7.024445068839562E-5
偏要	1	0	7.024445068839562E-5	0.0
无可厚非	3	2	2.1073335206518685E-4	1.4048890137679124E-4
后悔	37	11	0.0025990446754706378	7.726889575723518E-4
兴旺	0	2	0.0	1.4048890137679124E-4
弱势	2	0	1.4048890137679124E-4	0.0
好不容易	21	6	0.001475133464456308	4.214667041303737E-4
高明	2	0	1.4048890137679124E-4	0.0
人山人海	0	2	0.0	1.4048890137679124E-4
名不副实	10	5	7.024445068839561E-4	3.5122225344197806E-4
囊中羞涩	1	0	7.024445068839562E-5	0.0
刚刚	31	24	0.0021775779713402643	0.0016858668165214948
忽视	0	2	0.0	1.4048890137679124E-4
同情	1	1	7.024445068839562E-5	7.024445068839562E-5
愣是	5	0	3.5122225344197806E-4	0.0
名副其实	1	6	7.024445068839562E-5	4.214667041303737E-4
多虑	0	1	0.0	7.024445068839562E-5
金贵	4	0	2.809778027535825E-4	0.0
厌烦	0	4	0.0	2.809778027535825E-4
设备齐全	0	12	0.0	8.429334082607474E-4
来得	10	25	7.024445068839561E-4	0.0017561112672098904
便当	0	2	0.0	1.4048890137679124E-4
资深	0	1	0.0	7.024445068839562E-5
瑕不掩瑜	0	3	0.0	2.1073335206518685E-4
一贯	0	9	0.0	6.322000561955605E-4
劣质	12	2	8.429334082607474E-4	1.4048890137679124E-4
落后	11	10	7.726889575723518E-4	7.024445068839561E-4
琐	2	2	1.4048890137679124E-4	1.4048890137679124E-4
东倒西歪	0	1	0.0	7.024445068839562E-5
同意	48	29	0.0033717336330429896	0.0020370890699634727
瑰	1	12	7.024445068839562E-5	8.429334082607474E-4
迎接	4	2	2.809778027535825E-4	1.4048890137679124E-4
不详	1	1	7.024445068839562E-5	7.024445068839562E-5
鼎沸	2	0	1.4048890137679124E-4	0.0
瑞	5	28	3.5122225344197806E-4	0.001966844619275077
惨淡	0	2	0.0	1.4048890137679124E-4
暗无天日	1	0	7.024445068839562E-5	0.0
自大	1	0	7.024445068839562E-5	0.0
上赶	2	3	1.4048890137679124E-4	2.1073335206518685E-4
破败	2	1	1.4048890137679124E-4	7.024445068839562E-5
珍	8	3	5.61955605507165E-4	2.1073335206518685E-4
霸气	0	2	0.0	1.4048890137679124E-4
无赖	0	1	0.0	7.024445068839562E-5
不赖	0	2	0.0	1.4048890137679124E-4
玉	4	13	2.809778027535825E-4	9.13177858949143E-4
高等级	0	1	0.0	7.024445068839562E-5
玄	2	4	1.4048890137679124E-4	2.809778027535825E-4
率	35	69	0.0024585557740938466	0.004846867097499297
无缘无故	2	0	1.4048890137679124E-4	0.0
首屈一指	0	4	0.0	2.809778027535825E-4
发指	2	0	1.4048890137679124E-4	0.0
慵懒	0	1	0.0	7.024445068839562E-5
舒适	31	312	0.0021775779713402643	0.02191626861477943
无光	0	1	0.0	7.024445068839562E-5
生动	0	2	0.0	1.4048890137679124E-4
亲热	1	0	7.024445068839562E-5	0.0
温馨	27	216	0.0018966001685866817	0.015172801348693454
俏丽	0	2	0.0	1.4048890137679124E-4
自如	1	0	7.024445068839562E-5	0.0
闪亮	2	0	1.4048890137679124E-4	0.0
科学	0	3	0.0	2.1073335206518685E-4
中肯	1	10	7.024445068839562E-5	7.024445068839561E-4
正确	7	4	4.917111548187693E-4	2.809778027535825E-4
期望	14	22	9.834223096375386E-4	0.0015453779151447036
猴	2	3	1.4048890137679124E-4	2.1073335206518685E-4
昭著	0	2	0.0	1.4048890137679124E-4
以求	0	2	0.0	1.4048890137679124E-4
狂	18	19	0.001264400112391121	0.0013346445630795167
无谓	0	1	0.0	7.024445068839562E-5
有品味	2	2	1.4048890137679124E-4	1.4048890137679124E-4
悬空	0	2	0.0	1.4048890137679124E-4
狠	4	8	2.809778027535825E-4	5.61955605507165E-4
狡	7	0	4.917111548187693E-4	0.0
极好	0	13	0.0	9.13177858949143E-4
骄横	0	1	0.0	7.024445068839562E-5
私密	3	9	2.1073335206518685E-4	6.322000561955605E-4
十全十美	2	2	1.4048890137679124E-4	1.4048890137679124E-4
麻烦	50	53	0.0035122225344197807	0.0037229558864849675
异常	2	9	1.4048890137679124E-4	6.322000561955605E-4
踏实	3	5	2.1073335206518685E-4	3.5122225344197806E-4
精确	0	2	0.0	1.4048890137679124E-4
和软	4	9	2.809778027535825E-4	6.322000561955605E-4
目中无人	2	0	1.4048890137679124E-4	0.0
牛	54	97	0.0037932003371733635	0.006813711716774375
巴结	0	1	0.0	7.024445068839562E-5
牢	2	4	1.4048890137679124E-4	2.809778027535825E-4
笔直	0	1	0.0	7.024445068839562E-5
粗糙	5	9	3.5122225344197806E-4	6.322000561955605E-4
低廉	1	0	7.024445068839562E-5	0.0
不合情理	1	0	7.024445068839562E-5	0.0
爱	54	83	0.0037932003371733635	0.005830289407136836
古怪	0	1	0.0	7.024445068839562E-5
隐约	0	1	0.0	7.024445068839562E-5
爽	69	143	0.004846867097499297	0.010044956448440574
呆呆	0	2	0.0	1.4048890137679124E-4
适宜	2	5	1.4048890137679124E-4	3.5122225344197806E-4
配不上	6	5	4.214667041303737E-4	3.5122225344197806E-4
丰茂	0	1	0.0	7.024445068839562E-5
有望	1	0	7.024445068839562E-5	0.0
主要	51	108	0.0035824669851081763	0.007586400674346727
严谨	2	1	1.4048890137679124E-4	7.024445068839562E-5
相当	89	253	0.00625175611126721	0.01777184602416409
憋屈	0	4	0.0	2.809778027535825E-4
意欲	1	0	7.024445068839562E-5	0.0
僵硬	3	2	2.1073335206518685E-4	1.4048890137679124E-4
低档	16	0	0.00112391121101433	0.0
熠	0	2	0.0	1.4048890137679124E-4
没味	1	2	7.024445068839562E-5	1.4048890137679124E-4
熟	27	62	0.0018966001685866817	0.0043551559426805286
熙	4	10	2.809778027535825E-4	7.024445068839561E-4
主观	1	2	7.024445068839562E-5	1.4048890137679124E-4
恭维	43	32	0.0030205113796010117	0.00224782242202866
过当	1	4	7.024445068839562E-5	2.809778027535825E-4
熊	0	3	0.0	2.1073335206518685E-4
确定性	0	1	0.0	7.024445068839562E-5
可憎	1	0	7.024445068839562E-5	0.0
肮脏	16	0	0.00112391121101433	0.0
便利	22	185	0.0015453779151447036	0.012995223377353189
要强	6	7	4.214667041303737E-4	4.917111548187693E-4
顾虑	0	1	0.0	7.024445068839562E-5
合度	0	18	0.0	0.001264400112391121
敞开	1	2	7.024445068839562E-5	1.4048890137679124E-4
沉重	4	0	2.809778027535825E-4	0.0
煌	4	28	2.809778027535825E-4	0.001966844619275077
光滑	0	1	0.0	7.024445068839562E-5
焕	2	8	1.4048890137679124E-4	5.61955605507165E-4
熙熙攘攘	1	0	7.024445068839562E-5	0.0
落伍	0	8	0.0	5.61955605507165E-4
不行	77	61	0.005408822703006463	0.0042849114919921326
热	431	913	0.03027535824669851	0.0641331834785052
不逊	5	4	3.5122225344197806E-4	2.809778027535825E-4
烦	90	89	0.006322000561955606	0.00625175611126721
可怕	30	10	0.0021073335206518687	7.024445068839561E-4
重要	25	49	0.0017561112672098904	0.003441978083731385
说不	85	75	0.005970778308513627	0.0052683338016296715
可怜	51	16	0.0035824669851081763	0.00112391121101433
公正	3	3	2.1073335206518685E-4	2.1073335206518685E-4
烈	121	78	0.00849957853329587	0.005479067153694858
烂	135	25	0.009483000842933409	0.0017561112672098904
灵活	0	5	0.0	3.5122225344197806E-4
便宜	155	301	0.01088788985670132	0.02114357965720708
自尊	0	1	0.0	7.024445068839562E-5
烁	1	2	7.024445068839562E-5	1.4048890137679124E-4
蛮荒	0	3	0.0	2.1073335206518685E-4
不方便	108	189	0.007586400674346727	0.013276201180106771
可恨	3	1	2.1073335206518685E-4	7.024445068839562E-5
工细	0	1	0.0	7.024445068839562E-5
炸	6	5	4.214667041303737E-4	3.5122225344197806E-4
诱人	0	2	0.0	1.4048890137679124E-4
淳朴	1	5	7.024445068839562E-5	3.5122225344197806E-4
可恶	12	1	8.429334082607474E-4	7.024445068839562E-5
温情	0	1	0.0	7.024445068839562E-5
火	197	299	0.013838156785613936	0.02100309075583029
灵	12	33	8.429334082607474E-4	0.0023180668727170554
灿	0	4	0.0	2.809778027535825E-4
饭桶	1	0	7.024445068839562E-5	0.0
质疑	9	2	6.322000561955605E-4	1.4048890137679124E-4
用功	0	1	0.0	7.024445068839562E-5
心旷神怡	0	7	0.0	4.917111548187693E-4
没劲	0	1	0.0	7.024445068839562E-5
无济于事	3	2	2.1073335206518685E-4	1.4048890137679124E-4
不三不四	2	0	1.4048890137679124E-4	0.0
做得好	0	4	0.0	2.809778027535825E-4
令人窒息	1	0	7.024445068839562E-5	0.0
不和谐	0	5	0.0	3.5122225344197806E-4
难看	3	4	2.1073335206518685E-4	2.809778027535825E-4
羡慕	0	2	0.0	1.4048890137679124E-4
重视	57	47	0.00400393368923855	0.003301489182354594
周到	7	246	4.917111548187693E-4	0.01728013486934532
可惜	28	105	0.001966844619275077	0.00737566732228154
有名气	0	6	0.0	4.214667041303737E-4
惊天动地	0	1	0.0	7.024445068839562E-5
首要	0	4	0.0	2.809778027535825E-4
无上	1	0	7.024445068839562E-5	0.0
汗颜	2	2	1.4048890137679124E-4	1.4048890137679124E-4
凄惨	1	0	7.024445068839562E-5	0.0
缈	0	1	0.0	7.024445068839562E-5
一般	494	854	0.034700758640067435	0.059988760887889854
妖艳	0	2	0.0	1.4048890137679124E-4
缺	97	316	0.006813711716774375	0.022197246417533015
提倡	3	1	2.1073335206518685E-4	7.024445068839562E-5
毫不犹豫	2	3	1.4048890137679124E-4	2.1073335206518685E-4
不客气	6	2	4.214667041303737E-4	1.4048890137679124E-4
诚心	1	0	7.024445068839562E-5	0.0
地道	5	17	3.5122225344197806E-4	0.0011941556617027255
不胜	2	6	1.4048890137679124E-4	4.214667041303737E-4
罔	1	1	7.024445068839562E-5	7.024445068839562E-5
可靠	1	0	7.024445068839562E-5	0.0
不顾	3	0	2.1073335206518685E-4	0.0
不熟练	3	6	2.1073335206518685E-4	4.214667041303737E-4
清新	4	42	2.809778027535825E-4	0.002950266928912616
够呛	5	3	3.5122225344197806E-4	2.1073335206518685E-4
灰暗	3	2	2.1073335206518685E-4	1.4048890137679124E-4
清明	2	7	1.4048890137679124E-4	4.917111548187693E-4
甘心	1	1	7.024445068839562E-5	7.024445068839562E-5
美	125	600	0.008780556336049452	0.04214667041303737
呼之欲出	0	2	0.0	1.4048890137679124E-4
诧异	4	2	2.809778027535825E-4	1.4048890137679124E-4
羞	3	0	2.1073335206518685E-4	0.0
苦苦	1	1	7.024445068839562E-5	7.024445068839562E-5
羡	0	2	0.0	1.4048890137679124E-4
有同情心	1	0	7.024445068839562E-5	0.0
大吉	3	0	2.1073335206518685E-4	0.0
下饭	0	1	0.0	7.024445068839562E-5
诚恳	10	10	7.024445068839561E-4	7.024445068839561E-4
当面	9	2	6.322000561955605E-4	1.4048890137679124E-4
独出心裁	2	0	1.4048890137679124E-4	0.0
有用	19	14	0.0013346445630795167	9.834223096375386E-4
木然	0	1	0.0	7.024445068839562E-5
必要	18	19	0.001264400112391121	0.0013346445630795167
基础	4	7	2.809778027535825E-4	4.917111548187693E-4
优惠	36	100	0.002528800224782242	0.0070244450688395615
明了	12	2	8.429334082607474E-4	1.4048890137679124E-4
爽气	2	0	1.4048890137679124E-4	0.0
吝啬	0	4	0.0	2.809778027535825E-4
细致	4	40	2.809778027535825E-4	0.0028097780275358245
省心	0	5	0.0	3.5122225344197806E-4
伤心	3	2	2.1073335206518685E-4	1.4048890137679124E-4
清晰	15	11	0.0010536667603259344	7.726889575723518E-4
次等	1	0	7.024445068839562E-5	0.0
老实	5	8	3.5122225344197806E-4	5.61955605507165E-4
显贵	0	1	0.0	7.024445068839562E-5
彬彬有礼	0	17	0.0	0.0011941556617027255
繁重	2	1	1.4048890137679124E-4	7.024445068839562E-5
华而不实	2	0	1.4048890137679124E-4	0.0
明亮	3	39	2.1073335206518685E-4	0.002739533576847429
满不在乎	1	0	7.024445068839562E-5	0.0
悚然	3	2	2.1073335206518685E-4	1.4048890137679124E-4
关注	8	25	5.61955605507165E-4	0.0017561112672098904
熟练	6	11	4.214667041303737E-4	7.726889575723518E-4
不同意	7	4	4.917111548187693E-4	2.809778027535825E-4
细腻	0	2	0.0	1.4048890137679124E-4
感恩	0	2	0.0	1.4048890137679124E-4
轻松	5	10	3.5122225344197806E-4	7.024445068839561E-4
鸡蛋里挑骨头	0	1	0.0	7.024445068839562E-5
纷	12	3	8.429334082607474E-4	2.1073335206518685E-4
无味	1	2	7.024445068839562E-5	1.4048890137679124E-4
真实	13	4	9.13177858949143E-4	2.809778027535825E-4
堂皇	2	7	1.4048890137679124E-4	4.917111548187693E-4
红	42	106	0.002950266928912616	0.007445911772969935
约	102	148	0.007164933970216353	0.010396178701882551
纯	14	34	9.834223096375386E-4	0.002388311323405451
优秀	4	5	2.809778027535825E-4	3.5122225344197806E-4
腐烂	1	0	7.024445068839562E-5	0.0
不卫生	5	0	3.5122225344197806E-4	0.0
绝	203	187	0.01425962348974431	0.01313571227872998
暗自	1	0	7.024445068839562E-5	0.0
细	77	260	0.005408822703006463	0.01826355717898286
愤怒	13	3	9.13177858949143E-4	2.1073335206518685E-4
经	923	932	0.06483562798538915	0.06546782804158471
少不了	2	0	1.4048890137679124E-4	0.0
绷	0	1	0.0	7.024445068839562E-5
有理	4	4	2.809778027535825E-4	2.809778027535825E-4
寒碜	1	4	7.024445068839562E-5	2.809778027535825E-4
灯火阑珊	0	1	0.0	7.024445068839562E-5
了不起	1	0	7.024445068839562E-5	0.0
忧虑	1	0	7.024445068839562E-5	0.0
绮	0	2	0.0	1.4048890137679124E-4
远大	1	2	7.024445068839562E-5	1.4048890137679124E-4
紧	109	124	0.007656645125035122	0.008710311885361057
索	68	65	0.004776622646810902	0.004565889294745715
细细	0	2	0.0	1.4048890137679124E-4
不良	9	8	6.322000561955605E-4	5.61955605507165E-4
称赞	6	15	4.214667041303737E-4	0.0010536667603259344
紊	2	2	1.4048890137679124E-4	1.4048890137679124E-4
蒙蒙	4	2	2.809778027535825E-4	1.4048890137679124E-4
前卫	6	2	4.214667041303737E-4	1.4048890137679124E-4
刚好	9	25	6.322000561955605E-4	0.0017561112672098904
愉悦	0	7	0.0	4.917111548187693E-4
絮	1	0	7.024445068839562E-5	0.0
浅尝辄止	0	1	0.0	7.024445068839562E-5
隐秘	0	2	0.0	1.4048890137679124E-4
按时	3	2	2.1073335206518685E-4	1.4048890137679124E-4
灰蒙蒙	4	0	2.809778027535825E-4	0.0
详尽	4	2	2.809778027535825E-4	1.4048890137679124E-4
自得	0	1	0.0	7.024445068839562E-5
无华	0	1	0.0	7.024445068839562E-5
乱七八糟	9	4	6.322000561955605E-4	2.809778027535825E-4
热切	1	1	7.024445068839562E-5	7.024445068839562E-5
沮丧	2	0	1.4048890137679124E-4	0.0
赞成	1	0	7.024445068839562E-5	0.0
剩余	3	1	2.1073335206518685E-4	7.024445068839562E-5
愉快	55	54	0.003863444787861759	0.0037932003371733635
困难	17	21	0.0011941556617027255	0.001475133464456308
风景如画	0	2	0.0	1.4048890137679124E-4
新奇	0	1	0.0	7.024445068839562E-5
用心	4	16	2.809778027535825E-4	0.00112391121101433
接受	75	115	0.0052683338016296715	0.008078111829165496
多变	0	1	0.0	7.024445068839562E-5
低层	0	3	0.0	2.1073335206518685E-4
迷迷糊糊	4	1	2.809778027535825E-4	7.024445068839562E-5
庆幸	5	1	3.5122225344197806E-4	7.024445068839562E-5
喝斥	2	0	1.4048890137679124E-4	0.0
偷偷	0	3	0.0	2.1073335206518685E-4
指望	9	6	6.322000561955605E-4	4.214667041303737E-4
赞扬	2	8	1.4048890137679124E-4	5.61955605507165E-4
红色	7	5	4.917111548187693E-4	3.5122225344197806E-4
气愤	66	15	0.004636133745434111	0.0010536667603259344
心惊胆战	0	1	0.0	7.024445068839562E-5
热闹	8	69	5.61955605507165E-4	0.004846867097499297
严肃	10	2	7.024445068839561E-4	1.4048890137679124E-4
赤裸裸	1	0	7.024445068839562E-5	0.0
变态	4	1	2.809778027535825E-4	7.024445068839562E-5
精致	4	58	2.809778027535825E-4	0.004074178139926945
轻易	1	4	7.024445068839562E-5	2.809778027535825E-4
和蔼	0	8	0.0	5.61955605507165E-4
繁华	14	60	9.834223096375386E-4	0.004214667041303737
反感	5	0	3.5122225344197806E-4	0.0
新鲜	11	44	7.726889575723518E-4	0.0030907558302894073
好容易	1	1	7.024445068839562E-5	7.024445068839562E-5
完美	5	30	3.5122225344197806E-4	0.0021073335206518687
万不得已	2	1	1.4048890137679124E-4	7.024445068839562E-5
有条理	0	1	0.0	7.024445068839562E-5
点头	0	4	0.0	2.809778027535825E-4
说好	23	10	0.0016156223658330992	7.024445068839561E-4
丢脸	1	4	7.024445068839562E-5	2.809778027535825E-4
静悄	0	1	0.0	7.024445068839562E-5
精良	0	2	0.0	1.4048890137679124E-4
值钱	4	3	2.809778027535825E-4	2.1073335206518685E-4
欲哭无泪	3	0	2.1073335206518685E-4	0.0
精	40	109	0.0028097780275358245	0.007656645125035122
粹	5	6	3.5122225344197806E-4	4.214667041303737E-4
为难	0	5	0.0	3.5122225344197806E-4
尽可能	4	4	2.809778027535825E